# time 	Local 	Global 	Cumulative
1.0 	436.596 	-46.3594 	-46.3594
2.0 	456.84 	-65.4573 	-111.817
3.0 	278.259 	81.3418 	-30.4749
4.0 	273.265 	43.3718 	12.8969
5.0 	435.825 	64.6464 	77.5432
6.0 	407.757 	60.4956 	138.039
7.0 	266.079 	39.3054 	177.344
8.0 	447.085 	1.83911 	179.183
9.0 	248.805 	-70.7651 	108.418
10.0 	245.334 	-37.4915 	70.9267
11.0 	145.96 	-21.9981 	48.9286
12.0 	128.409 	-19.2074 	29.7211
13.0 	194.611 	-18.7379 	10.9832
14.0 	97.3656 	-39.6738 	-28.6905
15.0 	163.804 	27.3475 	-1.34302
16.0 	109.027 	15.5616 	14.2185
17.0 	57.6175 	8.06177 	22.2803
18.0 	41.2145 	5.9184 	28.1987
19.0 	63.2692 	2.89649 	31.0952
20.0 	60.2529 	21.4421 	52.5373
21.0 	67.2401 	-16.2967 	36.2406
22.0 	39.882 	-7.04087 	29.1997
23.0 	45.2147 	-4.00048 	25.1992
24.0 	23.2837 	0.151218 	25.3504
25.0 	26.8965 	-12.8399 	12.5105
26.0 	27.6285 	-3.93679 	8.57375
27.0 	30.0857 	10.445 	19.0187
28.0 	23.6944 	7.64201 	26.6607
29.0 	10.157 	0.527636 	27.1884
30.0 	17.582 	2.08965 	29.278
31.0 	13.9776 	1.70782 	30.9859
32.0 	8.09438 	0.891065 	31.8769
33.0 	10.7831 	1.83142 	33.7083
34.0 	13.9048 	4.3454 	38.0537
35.0 	12.8337 	-2.52983 	35.5239
36.0 	3.96085 	-0.229661 	35.2942
37.0 	10.3388 	0.745447 	36.0397
38.0 	9.00027 	0.462063 	36.5018
39.0 	10.0128 	0.0996099 	36.6014
40.0 	9.52835 	-0.115368 	36.486
41.0 	4.94198 	0.589245 	37.0752
42.0 	8.4312 	-0.488224 	36.587
43.0 	8.46347 	0.389679 	36.9767
44.0 	6.58383 	0.662939 	37.6396
45.0 	6.26856 	1.27257 	38.9122
46.0 	6.13693 	0.832531 	39.7447
47.0 	6.83555 	0.784221 	40.529
48.0 	6.40154 	0.717872 	41.2468
49.0 	5.46485 	0.739869 	41.9867
50.0 	3.65005 	-0.409321 	41.5774
51.0 	4.86899 	0.65138 	42.2288
52.0 	3.35311 	0.489054 	42.7178
53.0 	4.91002 	0.752013 	43.4698
54.0 	3.4398 	-0.588391 	42.8814
55.0 	3.9257 	-0.836783 	42.0447
56.0 	3.93518 	-0.908949 	41.1357
57.0 	5.75966 	1.26074 	42.3965
58.0 	5.60626 	1.04862 	43.4451
59.0 	4.61372 	0.578126 	44.0232
60.0 	3.26741 	0.361103 	44.3843
61.0 	2.96388 	0.457271 	44.8416
62.0 	3.44909 	0.577196 	45.4188
63.0 	3.91489 	0.764642 	46.1834
64.0 	3.97673 	0.87926 	47.0627
65.0 	3.75741 	0.878915 	47.9416
66.0 	3.49833 	0.837357 	48.7789
67.0 	3.31141 	0.816348 	49.5953
68.0 	3.18671 	0.807753 	50.403
69.0 	3.10161 	0.784174 	51.1872
70.0 	2.90347 	0.723173 	51.9104
71.0 	2.63141 	0.663115 	52.5735
72.0 	2.60112 	0.63153 	53.205
73.0 	2.74787 	0.617049 	53.8221
74.0 	2.98253 	0.619441 	54.4415
75.0 	3.1657 	0.600155 	55.0417
76.0 	3.23662 	0.586279 	55.628
77.0 	3.27388 	0.562287 	56.1903
78.0 	3.22586 	0.532496 	56.7227
79.0 	3.09025 	0.500139 	57.2229
80.0 	2.89259 	0.470838 	57.6937
81.0 	2.67927 	0.453 	58.1467
82.0 	2.516 	0.440013 	58.5867
83.0 	2.40834 	0.44748 	59.0342
84.0 	2.42764 	0.462848 	59.4971
85.0 	2.49796 	0.48063 	59.9777
86.0 	2.53686 	0.500827 	60.4785
87.0 	2.53935 	0.515885 	60.9944
88.0 	2.50172 	0.523013 	61.5174
89.0 	2.42794 	0.520901 	62.0383
90.0 	2.32824 	0.51079 	62.5491
91.0 	2.21877 	0.495209 	63.0443
92.0 	2.10659 	0.475264 	63.5196
93.0 	1.99639 	0.449759 	63.9693
94.0 	1.90342 	0.417482 	64.3868
95.0 	1.83388 	0.377941 	64.7648
96.0 	1.78226 	0.33344 	65.0982
97.0 	1.80033 	0.280926 	65.3791
98.0 	1.85982 	0.243006 	65.6221
99.0 	1.95066 	0.201467 	65.8236
100.0 	2.03486 	0.168227 	65.9918
101.0 	2.16676 	0.137516 	66.1293
102.0 	2.27399 	0.105428 	66.2348
103.0 	2.30099 	0.0675386 	66.3023
104.0 	2.21923 	0.0244838 	66.3268
105.0 	2.06092 	-0.0177081 	66.3091
106.0 	1.90356 	-0.0558224 	66.2533
107.0 	1.79432 	-0.0889528 	66.1643
108.0 	1.7289 	-0.122747 	66.0416
109.0 	1.71657 	-0.157579 	65.884
110.0 	1.68198 	-0.198273 	65.6857
111.0 	1.66644 	-0.239378 	65.4463
112.0 	1.63975 	-0.278863 	65.1675
113.0 	1.55584 	-0.31006 	64.8574
114.0 	1.50098 	-0.349537 	64.5079
115.0 	1.42882 	-0.388157 	64.1197
116.0 	1.34542 	-0.418565 	63.7012
117.0 	1.26838 	-0.437309 	63.2638
118.0 	1.21339 	-0.445947 	62.8179
119.0 	1.18971 	-0.446953 	62.3709
120.0 	1.17907 	-0.444565 	61.9264
121.0 	1.1776 	-0.440641 	61.4857
122.0 	1.17754 	-0.43587 	61.0499
123.0 	1.17702 	-0.430851 	60.619
124.0 	1.17451 	-0.425768 	60.1933
125.0 	1.16849 	-0.420548 	59.7727
126.0 	1.15808 	-0.415887 	59.3568
127.0 	1.14484 	-0.411158 	58.9457
128.0 	1.12906 	-0.406486 	58.5392
129.0 	1.11154 	-0.401803 	58.1374
130.0 	1.09218 	-0.397103 	57.7403
131.0 	1.07079 	-0.391988 	57.3483
132.0 	1.04748 	-0.386352 	56.9619
133.0 	1.02227 	-0.380288 	56.5816
134.0 	0.996782 	-0.374182 	56.2075
135.0 	0.970389 	-0.367796 	55.8397
136.0 	0.943381 	-0.361202 	55.4785
137.0 	0.917628 	-0.354298 	55.1242
138.0 	0.892341 	-0.347302 	54.7769
139.0 	0.864722 	-0.33892 	54.4379
140.0 	0.840035 	-0.331409 	54.1065
141.0 	0.815405 	-0.323553 	53.783
142.0 	0.792282 	-0.315763 	53.4672
143.0 	0.770984 	-0.30884 	53.1584
144.0 	0.797734 	-0.352139 	52.8062
145.0 	0.830652 	-0.381045 	52.4252
146.0 	0.996288 	-0.443626 	51.9816
147.0 	1.58519 	-0.421973 	51.5596
148.0 	1.29809 	-0.0397229 	51.5199
149.0 	0.914839 	-0.0771592 	51.4427
150.0 	0.761245 	-0.0954049 	51.3473
151.0 	0.750222 	-0.0888094 	51.2585
152.0 	0.82361 	-0.0668373 	51.1917
153.0 	0.892564 	-0.0614524 	51.1302
154.0 	1.00388 	-0.0287693 	51.1014
155.0 	1.10098 	0.0145329 	51.116
156.0 	1.14962 	0.0545535 	51.1705
157.0 	1.14493 	0.0845455 	51.2551
158.0 	1.12006 	0.0982999 	51.3534
159.0 	1.09009 	0.101887 	51.4553
160.0 	1.05378 	0.103826 	51.5591
161.0 	1.02383 	0.109256 	51.6683
162.0 	1.02288 	0.121946 	51.7903
163.0 	1.04606 	0.136112 	51.9264
164.0 	1.07639 	0.149818 	52.0762
165.0 	1.09873 	0.162908 	52.2391
166.0 	1.10855 	0.17164 	52.4108
167.0 	1.10554 	0.173915 	52.5847
168.0 	1.09142 	0.171156 	52.7558
169.0 	1.07225 	0.16784 	52.9237
170.0 	1.05387 	0.162787 	53.0865
171.0 	1.03903 	0.157829 	53.2443
172.0 	1.03282 	0.152894 	53.3972
173.0 	1.03568 	0.151796 	53.549
174.0 	1.04595 	0.148503 	53.6975
175.0 	1.06176 	0.138923 	53.8364
176.0 	1.07732 	0.117594 	53.954
177.0 	1.09093 	0.0992563 	54.0533
178.0 	1.09506 	0.0608817 	54.1141
179.0 	1.08593 	0.0105226 	54.1247
180.0 	1.05999 	-0.0419847 	54.0827
181.0 	1.02072 	-0.0916211 	53.9911
182.0 	0.961385 	-0.139867 	53.8512
183.0 	0.878895 	-0.181131 	53.6701
184.0 	0.768211 	-0.205362 	53.4647
185.0 	0.713 	-0.204798 	53.2599
186.0 	0.718765 	-0.20235 	53.0575
187.0 	0.735711 	-0.202515 	52.855
188.0 	0.749043 	-0.203174 	52.6519
189.0 	0.743204 	-0.190321 	52.4615
190.0 	0.744898 	-0.192172 	52.2694
191.0 	0.741281 	-0.194042 	52.0753
192.0 	0.735514 	-0.19641 	51.8789
193.0 	0.732116 	-0.200543 	51.6784
194.0 	0.732469 	-0.206263 	51.4721
195.0 	0.737135 	-0.213077 	51.259
196.0 	0.745633 	-0.220611 	51.0384
197.0 	0.756906 	-0.228547 	50.8099
198.0 	0.768825 	-0.23759 	50.5723
199.0 	0.781374 	-0.246304 	50.326
200.0 	0.791917 	-0.254345 	50.0716
201.0 	0.799822 	-0.26154 	49.8101
202.0 	0.805214 	-0.267857 	49.5422
203.0 	0.809162 	-0.273972 	49.2683
204.0 	0.812121 	-0.279928 	48.9883
205.0 	0.814613 	-0.285646 	48.7027
206.0 	0.816655 	-0.290917 	48.4118
207.0 	0.818107 	-0.295708 	48.1161
208.0 	0.819119 	-0.300109 	47.816
209.0 	0.820515 	-0.304469 	47.5115
210.0 	0.822515 	-0.308895 	47.2026
211.0 	0.823478 	-0.31326 	46.8893
212.0 	0.822896 	-0.317363 	46.572
213.0 	0.820169 	-0.320958 	46.251
214.0 	0.815477 	-0.323887 	45.9271
215.0 	0.808862 	-0.326292 	45.6008
216.0 	0.801421 	-0.328747 	45.2721
217.0 	0.793305 	-0.331339 	44.9407
218.0 	0.784455 	-0.334146 	44.6066
219.0 	0.775005 	-0.337345 	44.2693
220.0 	0.764757 	-0.340674 	43.9286
221.0 	0.754203 	-0.344023 	43.5846
222.0 	0.74338 	-0.347405 	43.2371
223.0 	0.732957 	-0.350784 	42.8864
224.0 	0.723285 	-0.354221 	42.5321
225.0 	0.714799 	-0.357846 	42.1743
226.0 	0.707447 	-0.361606 	41.8127
227.0 	0.723921 	-0.387261 	41.4254
228.0 	0.733571 	-0.400425 	41.025
229.0 	0.767354 	-0.41693 	40.6081
230.0 	0.859827 	-0.428764 	40.1793
231.0 	0.598851 	0.13616 	40.3155
232.0 	0.700789 	-0.377106 	39.9384
233.0 	0.771337 	-0.366662 	39.5717
234.0 	0.894871 	-0.31736 	39.2543
235.0 	0.450945 	0.0562228 	39.3106
236.0 	0.863787 	-0.27301 	39.0376
237.0 	0.90024 	-0.205955 	38.8316
238.0 	0.905914 	-0.146547 	38.6851
239.0 	0.898601 	-0.104206 	38.5808
240.0 	0.891685 	-0.0762398 	38.5046
241.0 	0.888602 	-0.0564428 	38.4482
242.0 	0.88592 	-0.0397822 	38.4084
243.0 	0.885363 	-0.0238773 	38.3845
244.0 	0.884137 	-0.00879713 	38.3757
245.0 	0.881654 	0.00498028 	38.3807
246.0 	0.879447 	0.0173729 	38.3981
247.0 	0.877752 	0.0282478 	38.4263
248.0 	0.875978 	0.0374982 	38.4638
249.0 	0.873701 	0.0450862 	38.5089
250.0 	0.869923 	0.0512511 	38.5601
251.0 	0.864024 	0.0554161 	38.6156
252.0 	0.854695 	0.0574033 	38.673
253.0 	0.842059 	0.0580587 	38.731
254.0 	0.826903 	0.0579297 	38.789
255.0 	0.809779 	0.0573846 	38.8463
256.0 	0.791007 	0.0565546 	38.9029
257.0 	0.771066 	0.05545 	38.9583
258.0 	0.750037 	0.0542435 	39.0126
259.0 	0.728443 	0.0527282 	39.0653
260.0 	0.706698 	0.0510424 	39.1164
261.0 	0.68501 	0.0490683 	39.1654
262.0 	0.66364 	0.0468417 	39.2123
263.0 	0.643071 	0.0446063 	39.2569
264.0 	0.623594 	0.0423553 	39.2992
265.0 	0.605053 	0.040087 	39.3393
266.0 	0.587374 	0.0377608 	39.3771
267.0 	0.570505 	0.0354196 	39.4125
268.0 	0.554204 	0.0330912 	39.4456
269.0 	0.538314 	0.0307794 	39.4764
270.0 	0.522882 	0.0284883 	39.5049
271.0 	0.507964 	0.0263362 	39.5312
272.0 	0.493509 	0.0243282 	39.5555
273.0 	0.479677 	0.0224369 	39.578
274.0 	0.466311 	0.0206456 	39.5986
275.0 	0.453294 	0.0189704 	39.6176
276.0 	0.440727 	0.0174511 	39.635
277.0 	0.428624 	0.0160306 	39.6511
278.0 	0.416963 	0.0147449 	39.6658
279.0 	0.405819 	0.0136103 	39.6794
280.0 	0.395227 	0.0126066 	39.692
281.0 	0.385267 	0.0117204 	39.7037
282.0 	0.375847 	0.0109647 	39.7147
283.0 	0.367059 	0.0104094 	39.7251
284.0 	0.359162 	0.0102791 	39.7354
285.0 	0.352219 	0.0107243 	39.7461
286.0 	0.346049 	0.0114558 	39.7576
287.0 	0.340429 	0.0123447 	39.7699
288.0 	0.338946 	0.0151344 	39.785
289.0 	0.33443 	0.0161356 	39.8012
290.0 	0.329809 	0.0168284 	39.818
291.0 	0.325514 	0.0174109 	39.8354
292.0 	0.32155 	0.0179117 	39.8533
293.0 	0.31783 	0.0184133 	39.8717
294.0 	0.314608 	0.0187008 	39.8904
295.0 	0.311761 	0.0190094 	39.9095
296.0 	0.309186 	0.0194727 	39.9289
297.0 	0.306924 	0.0201056 	39.949
298.0 	0.304897 	0.0208089 	39.9698
299.0 	0.303094 	0.0216998 	39.9915
300.0 	0.301677 	0.0228717 	40.0144
301.0 	0.302326 	0.0239285 	40.0383
302.0 	0.300686 	0.0259252 	40.0643
303.0 	0.299012 	0.0281189 	40.0924
304.0 	0.297583 	0.0305608 	40.123
305.0 	0.306569 	0.0323186 	40.1553
306.0 	0.312733 	0.0338264 	40.1891
307.0 	0.315715 	0.0332621 	40.2224
308.0 	0.321662 	0.0328026 	40.2552
309.0 	0.324733 	0.0315942 	40.2868
310.0 	0.32341 	0.0301674 	40.3169
311.0 	0.318696 	0.0287609 	40.3457
312.0 	0.312826 	0.0274216 	40.3731
313.0 	0.307934 	0.0260707 	40.3992
314.0 	0.305248 	0.0244591 	40.4236
315.0 	0.304503 	0.0227846 	40.4464
316.0 	0.304966 	0.0213507 	40.4678
317.0 	0.30598 	0.0204207 	40.4882
318.0 	0.307511 	0.0198332 	40.508
319.0 	0.309788 	0.0193129 	40.5273
320.0 	0.312307 	0.0188111 	40.5461
321.0 	0.314461 	0.0181892 	40.5643
322.0 	0.31603 	0.0171012 	40.5814
323.0 	0.316687 	0.0154342 	40.5969
324.0 	0.315964 	0.0141476 	40.611
325.0 	0.313984 	0.0133203 	40.6243
326.0 	0.311375 	0.0119282 	40.6363
327.0 	0.309672 	0.0103447 	40.6466
328.0 	0.309334 	0.00908302 	40.6557
329.0 	0.3099 	0.00804407 	40.6637
330.0 	0.310791 	0.00706906 	40.6708
331.0 	0.0976511 	0.0128148 	40.6836
332.0 	0.0913345 	0.0136711 	40.6973
333.0 	0.0900196 	0.0138651 	40.7112
334.0 	0.0889609 	0.0140588 	40.7252
335.0 	0.0882755 	0.0142234 	40.7394
336.0 	0.0875513 	0.0144868 	40.7539
337.0 	0.0871715 	0.0145952 	40.7685
338.0 	0.0866521 	0.0146573 	40.7832
339.0 	0.0858263 	0.014683 	40.7979
340.0 	0.0846648 	0.0146858 	40.8126
341.0 	0.0832071 	0.0146724 	40.8272
342.0 	0.0802532 	0.0143429 	40.8416
343.0 	0.0783968 	0.0141945 	40.8558
344.0 	0.0765161 	0.0139449 	40.8697
345.0 	0.0745931 	0.0134524 	40.8832
346.0 	0.0726914 	0.0126931 	40.8959
347.0 	0.0772151 	0.0104818 	40.9063
348.0 	0.0776576 	0.00839362 	40.9147
349.0 	0.0777559 	0.00652868 	40.9213
350.0 	0.0776554 	0.00495034 	40.9262
351.0 	0.0776128 	0.00349142 	40.9297
352.0 	0.0779608 	0.00164181 	40.9313
353.0 	0.0785508 	-0.000591759 	40.9307
354.0 	0.0790957 	-0.00311458 	40.9276
355.0 	0.0791268 	-0.00406384 	40.9236
356.0 	0.079324 	-0.00524367 	40.9183
357.0 	0.0795008 	-0.00760626 	40.9107
358.0 	0.0794679 	-0.0104398 	40.9003
359.0 	0.0801833 	-0.0131017 	40.8872
360.0 	0.208592 	0.0272378 	40.9144
361.0 	0.0823429 	-0.0123814 	40.902
362.0 	0.0829709 	-0.0140897 	40.8879
363.0 	0.0832032 	-0.0157223 	40.8722
364.0 	0.0835951 	-0.0169409 	40.8553
365.0 	0.196485 	0.0264847 	40.8818
366.0 	0.0841279 	-0.0143131 	40.8675
367.0 	0.0840949 	-0.0143672 	40.8531
368.0 	0.0842259 	-0.0145105 	40.8386
369.0 	0.192729 	0.0208456 	40.8594
370.0 	0.0842928 	-0.0109922 	40.8484
371.0 	0.0846244 	-0.0106522 	40.8378
372.0 	0.0854309 	-0.0104943 	40.8273
373.0 	0.185752 	0.0157607 	40.843
374.0 	0.0855875 	-0.00749552 	40.8355
375.0 	0.0862248 	-0.00695314 	40.8286
376.0 	0.0871716 	-0.00654397 	40.822
377.0 	0.182226 	0.0125621 	40.8346
378.0 	0.0865691 	-0.0035625 	40.831
379.0 	0.0872601 	-0.00258608 	40.8285
380.0 	0.0882538 	-0.00178462 	40.8267
381.0 	0.089007 	-0.00104298 	40.8256
382.0 	0.173783 	0.00911955 	40.8348
383.0 	0.0883721 	0.00161221 	40.8364
384.0 	0.088859 	0.00287835 	40.8392
385.0 	0.0892827 	0.00385007 	40.8431
386.0 	0.089431 	0.00444026 	40.8475
387.0 	0.171478 	0.00701587 	40.8546
388.0 	0.0881612 	0.00570674 	40.8603
389.0 	0.0881593 	0.00646032 	40.8667
390.0 	0.0883078 	0.00687251 	40.8736
391.0 	0.0883507 	0.00696977 	40.8806
392.0 	0.167173 	0.00611267 	40.8867
393.0 	0.0870028 	0.00752537 	40.8942
394.0 	0.0867041 	0.00805667 	40.9023
395.0 	0.0864445 	0.00824912 	40.9105
396.0 	0.0860957 	0.00813931 	40.9186
397.0 	0.162151 	0.00561308 	40.9243
398.0 	0.0846899 	0.00836186 	40.9326
399.0 	0.0842707 	0.00870762 	40.9413
400.0 	0.0839724 	0.00873279 	40.9501
401.0 	0.0836695 	0.0084579 	40.9585
402.0 	0.156921 	0.00536294 	40.9639
403.0 	0.0826844 	0.00840953 	40.9723
404.0 	0.0823607 	0.00845912 	40.9807
405.0 	0.0820707 	0.00817372 	40.9889
406.0 	0.0816698 	0.00761719 	40.9965
407.0 	0.150474 	0.00551937 	41.0021
408.0 	0.0808789 	0.00750375 	41.0096
409.0 	0.0804984 	0.007444 	41.017
410.0 	0.0800829 	0.00706873 	41.0241
411.0 	0.148695 	0.00561037 	41.0297
412.0 	0.07898 	0.0070003 	41.0367
413.0 	0.0786539 	0.00676599 	41.0435
414.0 	0.0782721 	0.00615203 	41.0496
415.0 	0.142319 	0.0057452 	41.0553
416.0 	0.0775678 	0.00627141 	41.0616
417.0 	0.0771682 	0.00621296 	41.0678
418.0 	0.141896 	0.00551916 	41.0734
419.0 	0.0761442 	0.00656228 	41.0799
420.0 	0.0756282 	0.00634739 	41.0863
421.0 	0.138944 	0.0054241 	41.0917
422.0 	0.0746541 	0.00604795 	41.0977
423.0 	0.140072 	0.00544568 	41.1032
424.0 	0.0737624 	0.00606169 	41.1092
425.0 	0.073548 	0.00564443 	41.1149
426.0 	0.131949 	0.00548941 	41.1204
427.0 	0.136875 	0.00553467 	41.1259
428.0 	0.0722905 	0.00530717 	41.1312
429.0 	0.0719255 	0.0047278 	41.1359
430.0 	0.128677 	0.00578048 	41.1417
431.0 	0.132444 	0.00581976 	41.1475
432.0 	0.0706347 	0.00425826 	41.1518
433.0 	0.131166 	0.00582511 	41.1576
434.0 	0.0697975 	0.00383502 	41.1615
435.0 	0.126219 	0.0058886 	41.1674
436.0 	0.12906 	0.00589519 	41.1732
437.0 	0.0686951 	0.0034349 	41.1767
438.0 	0.12488 	0.00591743 	41.1826
439.0 	0.0679955 	0.00281517 	41.1854
440.0 	0.1186 	0.00601612 	41.1914
441.0 	0.121227 	0.00607982 	41.1975
442.0 	0.0671603 	0.00235092 	41.1999
443.0 	0.11853 	0.00607674 	41.2059
444.0 	0.121157 	0.00600878 	41.2119
445.0 	0.066119 	0.00253913 	41.2145
446.0 	0.116344 	0.00576836 	41.2203
447.0 	0.117671 	0.00572117 	41.226
448.0 	0.06502 	0.00238783 	41.2284
449.0 	0.111663 	0.00564185 	41.234
450.0 	0.113004 	0.00571941 	41.2397
451.0 	0.115715 	0.00583766 	41.2456
452.0 	0.0639051 	0.00160155 	41.2472
453.0 	0.109931 	0.005914 	41.2531
454.0 	0.110376 	0.00598466 	41.2591
455.0 	0.111985 	0.00605686 	41.2651
456.0 	0.0622653 	0.000771063 	41.2659
457.0 	0.105112 	0.0059609 	41.2719
458.0 	0.105387 	0.00599381 	41.2778
459.0 	0.107056 	0.00607245 	41.2839
460.0 	0.109136 	0.00615822 	41.2901
461.0 	0.0605867 	0.000194926 	41.2903
462.0 	0.101959 	0.00603854 	41.2963
463.0 	0.101523 	0.00607776 	41.3024
464.0 	0.10248 	0.00618221 	41.3086
465.0 	0.104044 	0.00630057 	41.3149
466.0 	0.105475 	0.00636217 	41.3212
467.0 	0.0584282 	-0.00069432 	41.3205
468.0 	0.0970811 	0.00595216 	41.3265
469.0 	0.0962656 	0.00581454 	41.3323
470.0 	0.0970584 	0.00576447 	41.3381
471.0 	0.0986471 	0.00576878 	41.3438
472.0 	0.100264 	0.00578903 	41.3496
473.0 	0.1013 	0.00579637 	41.3554
474.0 	0.0564034 	-0.000331725 	41.3551
475.0 	0.0924015 	0.00533171 	41.3604
476.0 	0.0912453 	0.00522743 	41.3657
477.0 	0.0918151 	0.00523112 	41.3709
478.0 	0.0933162 	0.00531426 	41.3762
479.0 	0.0949699 	0.00543606 	41.3816
480.0 	0.0961794 	0.00555451 	41.3872
481.0 	0.0536543 	-0.000504723 	41.3867
482.0 	0.088789 	0.00518436 	41.3919
483.0 	0.087811 	0.00507846 	41.3969
484.0 	0.0882784 	0.00505077 	41.402
485.0 	0.0895125 	0.00508193 	41.4071
486.0 	0.0908543 	0.00513954 	41.4122
487.0 	0.0918169 	0.00519623 	41.4174
488.0 	0.0921041 	0.00523288 	41.4226
489.0 	0.091673 	0.00523874 	41.4279
490.0 	0.0906735 	0.00521223 	41.4331
491.0 	0.0893741 	0.00515961 	41.4383
492.0 	0.0880589 	0.00508969 	41.4433
493.0 	0.0869415 	0.00501092 	41.4484
494.0 	0.0861256 	0.00493879 	41.4533
495.0 	0.0855994 	0.00488084 	41.4582
496.0 	0.0852786 	0.00481721 	41.463
497.0 	0.0850392 	0.00475001 	41.4677
498.0 	0.0847649 	0.00468503 	41.4724
499.0 	0.0843825 	0.0046252 	41.4771
500.0 	0.0838737 	0.00457123 	41.4816
501.0 	0.0832646 	0.0045227 	41.4861
502.0 	0.0826067 	0.00447886 	41.4906
503.0 	0.0819581 	0.00443695 	41.4951
504.0 	0.0813608 	0.00439588 	41.4995
505.0 	0.0808347 	0.0043559 	41.5038
506.0 	0.0803764 	0.00431758 	41.5081
507.0 	0.0799628 	0.00428482 	41.5124
508.0 	0.0795683 	0.00425585 	41.5167
509.0 	0.0791694 	0.00422766 	41.5209
510.0 	0.0787471 	0.00419857 	41.5251
511.0 	0.0782928 	0.00416778 	41.5293
512.0 	0.0778201 	0.00413716 	41.5334
513.0 	0.0773122 	0.00410312 	41.5375
514.0 	0.0768012 	0.00406634 	41.5416
515.0 	0.0762935 	0.00402805 	41.5456
516.0 	0.0757929 	0.00399017 	41.5496
517.0 	0.0753089 	0.00394667 	41.5535
518.0 	0.0748331 	0.0039393 	41.5575
519.0 	0.0743585 	0.00395575 	41.5614
520.0 	0.0738694 	0.00400777 	41.5654
521.0 	0.0733913 	0.00406489 	41.5695
522.0 	0.0729316 	0.00410906 	41.5736
523.0 	0.07249 	0.00413279 	41.5777
524.0 	0.0720608 	0.00413652 	41.5819
525.0 	0.0716414 	0.00412632 	41.586
526.0 	0.071229 	0.00410746 	41.5901
527.0 	0.0708228 	0.00408275 	41.5942
528.0 	0.0704221 	0.0040544 	41.5983
529.0 	0.0700266 	0.00402366 	41.6023
530.0 	0.0696357 	0.00399117 	41.6063
531.0 	0.0692476 	0.00395722 	41.6102
532.0 	0.068861 	0.003922 	41.6142
533.0 	0.0684748 	0.00388588 	41.618
534.0 	0.0680886 	0.00384929 	41.6219
535.0 	0.0677016 	0.00381395 	41.6257
536.0 	0.0673177 	0.00379803 	41.6295
537.0 	0.0669355 	0.00377649 	41.6333
538.0 	0.0665537 	0.00375195 	41.637
539.0 	0.0661718 	0.00372628 	41.6408
540.0 	0.0657893 	0.00370107 	41.6445
541.0 	0.0654063 	0.00367736 	41.6481
542.0 	0.0650239 	0.0036555 	41.6518
543.0 	0.0646433 	0.00363536 	41.6554
544.0 	0.0642653 	0.00361698 	41.659
545.0 	0.0638915 	0.00360045 	41.6626
546.0 	0.0635224 	0.00358132 	41.6662
547.0 	0.0631571 	0.00355999 	41.6698
548.0 	0.0627951 	0.0035374 	41.6733
549.0 	0.0624358 	0.00351512 	41.6768
550.0 	0.0620801 	0.00349431 	41.6803
551.0 	0.0617288 	0.00347607 	41.6838
552.0 	0.0613816 	0.00346112 	41.6873
553.0 	0.0610385 	0.00344877 	41.6907
554.0 	0.0606997 	0.00343822 	41.6942
555.0 	0.0603645 	0.00342867 	41.6976
556.0 	0.0600329 	0.00341936 	41.701
557.0 	0.0597042 	0.00340967 	41.7044
558.0 	0.0593783 	0.00339938 	41.7078
559.0 	0.0590555 	0.00338844 	41.7112
560.0 	0.0587359 	0.00337699 	41.7146
561.0 	0.0584196 	0.00336535 	41.7179
562.0 	0.0581065 	0.00335387 	41.7213
563.0 	0.0577969 	0.00334423 	41.7246
564.0 	0.057492 	0.00334182 	41.728
565.0 	0.0571901 	0.00333814 	41.7313
566.0 	0.0568918 	0.00333368 	41.7347
567.0 	0.0565954 	0.00332881 	41.738
568.0 	0.0562999 	0.00332383 	41.7413
569.0 	0.0560045 	0.00331953 	41.7446
570.0 	0.0557222 	0.00331272 	41.7479
571.0 	0.0554437 	0.00330621 	41.7512
572.0 	0.0551631 	0.00330263 	41.7545
573.0 	0.054881 	0.00330097 	41.7578
574.0 	0.0545985 	0.00330029 	41.7611
575.0 	0.0543167 	0.00329999 	41.7644
576.0 	0.054036 	0.00329979 	41.7677
577.0 	0.0537569 	0.00329957 	41.771
578.0 	0.0534806 	0.00329926 	41.7743
579.0 	0.0532074 	0.00329879 	41.7776
580.0 	0.0529173 	0.00327251 	41.7809
581.0 	0.0526434 	0.00326706 	41.7842
582.0 	0.0523717 	0.00325976 	41.7874
583.0 	0.0521032 	0.00325135 	41.7907
584.0 	0.0518382 	0.00324248 	41.7939
585.0 	0.0515768 	0.00323366 	41.7972
586.0 	0.0513191 	0.00322545 	41.8004
587.0 	0.051065 	0.00321822 	41.8036
588.0 	0.0508157 	0.00321187 	41.8068
589.0 	0.0505698 	0.0032032 	41.81
590.0 	0.0503209 	0.00319421 	41.8132
591.0 	0.0500725 	0.00318758 	41.8164
592.0 	0.0498263 	0.00318382 	41.8196
593.0 	0.0495831 	0.0031824 	41.8228
594.0 	0.0493433 	0.0031826 	41.826
595.0 	0.0491075 	0.00318764 	41.8291
596.0 	0.0488818 	0.00321728 	41.8324
597.0 	0.0486654 	0.00324931 	41.8356
598.0 	0.0484563 	0.00327756 	41.8389
599.0 	0.0482492 	0.00330096 	41.8422
600.0 	0.0480396 	0.0033199 	41.8455
601.0 	0.0478245 	0.00333519 	41.8488
602.0 	0.0476037 	0.00334749 	41.8522
603.0 	0.0473778 	0.00335729 	41.8556
604.0 	0.0471488 	0.00336539 	41.8589
605.0 	0.0469186 	0.00337273 	41.8623
606.0 	0.0466909 	0.0033793 	41.8657
607.0 	0.0464685 	0.00338484 	41.8691
608.0 	0.0462522 	0.00338955 	41.8724
609.0 	0.0460413 	0.00339353 	41.8758
610.0 	0.0458344 	0.00339698 	41.8792
611.0 	0.04563 	0.0034 	41.8826
612.0 	0.0454269 	0.00340261 	41.886
613.0 	0.0452245 	0.00340473 	41.8894
614.0 	0.0450257 	0.00340743 	41.8929
615.0 	0.0448301 	0.00340568 	41.8963
616.0 	0.0446302 	0.00340175 	41.8997
617.0 	0.0444276 	0.0033943 	41.9031
618.0 	0.0442314 	0.00338336 	41.9064
619.0 	0.0440393 	0.00337076 	41.9098
620.0 	0.0438586 	0.00335439 	41.9132
621.0 	0.0436881 	0.00333529 	41.9165
622.0 	0.0435215 	0.00331557 	41.9198
623.0 	0.0433527 	0.00329585 	41.9231
624.0 	0.0431797 	0.00327636 	41.9264
625.0 	0.043002 	0.00325721 	41.9296
626.0 	0.0428202 	0.00323871 	41.9329
627.0 	0.0426365 	0.00322131 	41.9361
628.0 	0.0424525 	0.00320549 	41.9393
629.0 	0.0422741 	0.00319797 	41.9425
630.0 	0.0420987 	0.00319195 	41.9457
631.0 	0.0419235 	0.00318753 	41.9489
632.0 	0.0417481 	0.00318373 	41.9521
633.0 	0.0415745 	0.00318227 	41.9552
634.0 	0.0414026 	0.00318681 	41.9584
635.0 	0.0412343 	0.00319489 	41.9616
636.0 	0.0410704 	0.00320326 	41.9648
637.0 	0.0409112 	0.00320956 	41.968
638.0 	0.0407555 	0.00321246 	41.9713
639.0 	0.0406326 	0.00336554 	41.9746
640.0 	0.0404747 	0.00339967 	41.978
641.0 	0.0403076 	0.00344668 	41.9815
642.0 	0.0400902 	0.00334977 	41.9848
643.0 	0.0398983 	0.0033715 	41.9882
644.0 	0.0397428 	0.00352655 	41.9917
645.0 	0.0395524 	0.00355749 	41.9953
646.0 	0.0393942 	0.00357137 	41.9988
647.0 	0.0391975 	0.00359955 	42.0024
648.0 	0.0390129 	0.00362298 	42.0061
649.0 	0.0388401 	0.00364063 	42.0097
650.0 	0.0386787 	0.00365179 	42.0134
651.0 	0.0385287 	0.00365559 	42.017
652.0 	0.0383847 	0.00365172 	42.0207
653.0 	0.0382479 	0.00365304 	42.0243
654.0 	0.0381189 	0.00366099 	42.028
655.0 	0.0379945 	0.00366329 	42.0316
656.0 	0.0378735 	0.00365774 	42.0353
657.0 	0.0377545 	0.00364387 	42.0389
658.0 	0.0376383 	0.00362279 	42.0426
659.0 	0.037527 	0.00359626 	42.0462
660.0 	0.0374227 	0.00356611 	42.0497
661.0 	0.0373266 	0.00353453 	42.0533
662.0 	0.0372405 	0.00350375 	42.0568
663.0 	0.0371544 	0.00347531 	42.0602
664.0 	0.0370655 	0.00345023 	42.0637
665.0 	0.0369721 	0.0034287 	42.0671
666.0 	0.0368733 	0.00341086 	42.0705
667.0 	0.036768 	0.00339682 	42.0739
668.0 	0.0366549 	0.00338629 	42.0773
669.0 	0.0365344 	0.00337944 	42.0807
670.0 	0.0364073 	0.003376 	42.0841
671.0 	0.0362745 	0.00337556 	42.0874
672.0 	0.0361372 	0.00337768 	42.0908
673.0 	0.0359978 	0.00338166 	42.0942
674.0 	0.0358572 	0.00338589 	42.0976
675.0 	0.0357186 	0.00339066 	42.101
676.0 	0.0355839 	0.00339561 	42.1044
677.0 	0.0354544 	0.00340001 	42.1078
678.0 	0.035331 	0.00340319 	42.1112
679.0 	0.0352177 	0.00340679 	42.1146
680.0 	0.0351201 	0.00341949 	42.118
681.0 	0.0350331 	0.0034341 	42.1214
682.0 	0.0349548 	0.00344731 	42.1249
683.0 	0.0348833 	0.00345665 	42.1283
684.0 	0.0348175 	0.00346081 	42.1318
685.0 	0.0347549 	0.00345938 	42.1353
686.0 	0.0346864 	0.00345192 	42.1387
687.0 	0.0346119 	0.00343798 	42.1422
688.0 	0.0345332 	0.0034185 	42.1456
689.0 	0.0344038 	0.00347919 	42.1491
690.0 	0.0343722 	0.00349174 	42.1525
691.0 	0.0343366 	0.00351663 	42.1561
692.0 	0.0342858 	0.00355044 	42.1596
693.0 	0.0342807 	0.00350305 	42.1631
694.0 	0.0341363 	0.00350238 	42.1666
695.0 	0.0339791 	0.00348847 	42.1701
696.0 	0.0338291 	0.00346504 	42.1736
697.0 	0.0336986 	0.00343615 	42.177
698.0 	0.0335483 	0.00348524 	42.1805
699.0 	0.0335132 	0.00349193 	42.184
700.0 	0.0335319 	0.00343221 	42.1874
701.0 	0.0334019 	0.00349921 	42.1909
702.0 	0.0333939 	0.00343739 	42.1944
703.0 	0.0332353 	0.00349633 	42.1979
704.0 	0.0331597 	0.00350603 	42.2014
705.0 	0.0331371 	0.00344403 	42.2048
706.0 	0.032969 	0.00350161 	42.2083
707.0 	0.0329011 	0.0035111 	42.2118
708.0 	0.0328929 	0.00345151 	42.2153
709.0 	0.0327562 	0.00350414 	42.2188
710.0 	0.0327197 	0.003509 	42.2223
711.0 	0.0326906 	0.00351959 	42.2258
712.0 	0.0326567 	0.00353697 	42.2293
713.0 	0.0326596 	0.00348471 	42.2328
714.0 	0.0325058 	0.00354029 	42.2364
715.0 	0.0324371 	0.00354719 	42.2399
716.0 	0.0323715 	0.00355424 	42.2435
717.0 	0.0323055 	0.00356042 	42.247
718.0 	0.0322365 	0.00356523 	42.2506
719.0 	0.0322088 	0.00349832 	42.2541
720.0 	0.032037 	0.00353098 	42.2576
721.0 	0.0319574 	0.00351799 	42.2611
722.0 	0.0318876 	0.00350794 	42.2646
723.0 	0.0318232 	0.00350028 	42.2681
724.0 	0.0317604 	0.00349441 	42.2716
725.0 	0.0316965 	0.00348965 	42.2751
726.0 	0.0316299 	0.00348547 	42.2786
727.0 	0.0315609 	0.00348158 	42.2821
728.0 	0.0314905 	0.00347688 	42.2856
729.0 	0.0314201 	0.003471 	42.289
730.0 	0.031351 	0.00346611 	42.2925
731.0 	0.0312841 	0.00346209 	42.296
732.0 	0.031219 	0.00345896 	42.2994
733.0 	0.0311554 	0.00345641 	42.3029
734.0 	0.0310924 	0.00345411 	42.3063
735.0 	0.0310291 	0.00345178 	42.3098
736.0 	0.0309643 	0.00344891 	42.3132
737.0 	0.0308976 	0.00344533 	42.3167
738.0 	0.0308302 	0.00344325 	42.3201
739.0 	0.0307644 	0.00344664 	42.3236
740.0 	0.0306981 	0.00344872 	42.327
741.0 	0.0306311 	0.00344741 	42.3305
742.0 	0.030563 	0.00344294 	42.3339
743.0 	0.0304943 	0.00343656 	42.3374
744.0 	0.0304252 	0.00342939 	42.3408
745.0 	0.030356 	0.00342216 	42.3442
746.0 	0.0302872 	0.00341514 	42.3476
747.0 	0.0302252 	0.00350876 	42.3511
748.0 	0.0301561 	0.00353585 	42.3547
749.0 	0.0300879 	0.00357638 	42.3582
750.0 	0.030088 	0.00356658 	42.3618
751.0 	0.029984 	0.00358707 	42.3654
752.0 	0.0298766 	0.00359972 	42.369
753.0 	0.029769 	0.00361659 	42.3726
754.0 	0.029672 	0.00363207 	42.3762
755.0 	0.0295918 	0.00364166 	42.3799
756.0 	0.0295244 	0.00364604 	42.3835
757.0 	0.0294538 	0.00364609 	42.3872
758.0 	0.0293808 	0.00364201 	42.3908
759.0 	0.0293049 	0.00363493 	42.3945
760.0 	0.0292247 	0.00362517 	42.3981
761.0 	0.0291411 	0.00361334 	42.4017
762.0 	0.0290552 	0.00360034 	42.4053
763.0 	0.0289696 	0.0035871 	42.4089
764.0 	0.0288871 	0.00357455 	42.4125
765.0 	0.0288102 	0.00356348 	42.416
766.0 	0.0287393 	0.00355452 	42.4196
767.0 	0.0286119 	0.00360017 	42.4232
768.0 	0.0286744 	0.0035764 	42.4267
769.0 	0.028618 	0.00358355 	42.4303
770.0 	0.0285486 	0.00358806 	42.4339
771.0 	0.0284706 	0.00359035 	42.4375
772.0 	0.02839 	0.00359119 	42.4411
773.0 	0.0283106 	0.00359141 	42.4447
774.0 	0.0282337 	0.00358786 	42.4483
775.0 	0.0281605 	0.00358295 	42.4519
776.0 	0.0280915 	0.00357801 	42.4554
777.0 	0.0280258 	0.00357357 	42.459
778.0 	0.0279616 	0.00356975 	42.4626
779.0 	0.0278982 	0.00356634 	42.4662
780.0 	0.0278348 	0.00356304 	42.4697
781.0 	0.0277686 	0.00355962 	42.4733
782.0 	0.0276999 	0.00355589 	42.4768
783.0 	0.0276294 	0.00355178 	42.4804
784.0 	0.0275579 	0.00354737 	42.4839
785.0 	0.0274863 	0.00354292 	42.4875
786.0 	0.027415 	0.00353869 	42.491
787.0 	0.0273452 	0.00353443 	42.4945
788.0 	0.0272774 	0.00353021 	42.4981
789.0 	0.0272101 	0.00352673 	42.5016
790.0 	0.0271412 	0.00352456 	42.5051
791.0 	0.0270716 	0.00352318 	42.5086
792.0 	0.0269979 	0.00352083 	42.5122
793.0 	0.0269169 	0.00350869 	42.5157
794.0 	0.026838 	0.00349836 	42.5192
795.0 	0.0267616 	0.00349161 	42.5227
796.0 	0.0266889 	0.00348741 	42.5262
797.0 	0.026619 	0.00348434 	42.5296
798.0 	0.0265508 	0.00348145 	42.5331
799.0 	0.0264835 	0.00347849 	42.5366
800.0 	0.0264165 	0.00347558 	42.5401
801.0 	0.0263497 	0.00347294 	42.5435
802.0 	0.0262831 	0.00347074 	42.547
803.0 	0.0262163 	0.00346902 	42.5505
804.0 	0.0261493 	0.00346767 	42.554
805.0 	0.0260821 	0.0034665 	42.5574
806.0 	0.0260148 	0.00346526 	42.5609
807.0 	0.0259472 	0.00346369 	42.5644
808.0 	0.0258792 	0.00346163 	42.5678
809.0 	0.0258106 	0.00345889 	42.5713
810.0 	0.0257413 	0.00345581 	42.5747
811.0 	0.0256711 	0.00345248 	42.5782
812.0 	0.0256002 	0.00344875 	42.5816
813.0 	0.025529 	0.00344459 	42.5851
814.0 	0.0254577 	0.00344007 	42.5885
815.0 	0.0253867 	0.0034353 	42.5919
816.0 	0.025316 	0.00343039 	42.5954
817.0 	0.0252481 	0.00343068 	42.5988
818.0 	0.0251835 	0.00343561 	42.6022
819.0 	0.0251216 	0.00344281 	42.6057
820.0 	0.0250611 	0.00345002 	42.6091
821.0 	0.0250007 	0.00345584 	42.6126
822.0 	0.0249393 	0.0034596 	42.6161
823.0 	0.024876 	0.00346118 	42.6195
824.0 	0.0248106 	0.00346079 	42.623
825.0 	0.0247431 	0.00345883 	42.6264
826.0 	0.024674 	0.00345569 	42.6299
827.0 	0.0246041 	0.00345182 	42.6333
828.0 	0.0245339 	0.00344756 	42.6368
829.0 	0.0244642 	0.00344322 	42.6402
830.0 	0.0243953 	0.00343898 	42.6437
831.0 	0.0243272 	0.00343493 	42.6471
832.0 	0.0242598 	0.00343107 	42.6505
833.0 	0.0241927 	0.00342734 	42.654
834.0 	0.0241241 	0.0034237 	42.6574
835.0 	0.024052 	0.00341932 	42.6608
836.0 	0.0239805 	0.00341346 	42.6642
837.0 	0.0239095 	0.00340697 	42.6676
838.0 	0.0238381 	0.00340065 	42.671
839.0 	0.0237658 	0.00339484 	42.6744
840.0 	0.0236934 	0.0033894 	42.6778
841.0 	0.0236213 	0.00338415 	42.6812
842.0 	0.0235498 	0.00337902 	42.6846
843.0 	0.023479 	0.003374 	42.688
844.0 	0.023409 	0.00336911 	42.6913
845.0 	0.0233397 	0.00336437 	42.6947
846.0 	0.0232707 	0.00335978 	42.698
847.0 	0.023202 	0.00335534 	42.7014
848.0 	0.0231334 	0.00335106 	42.7048
849.0 	0.023065 	0.00334692 	42.7081
850.0 	0.0229962 	0.00334319 	42.7114
851.0 	0.0229275 	0.00333982 	42.7148
852.0 	0.0228591 	0.00333682 	42.7181
853.0 	0.0227914 	0.00333409 	42.7215
854.0 	0.0227244 	0.00333154 	42.7248
855.0 	0.0226582 	0.0033292 	42.7281
856.0 	0.0225928 	0.00332804 	42.7314
857.0 	0.0225282 	0.00332727 	42.7348
858.0 	0.0224641 	0.0033261 	42.7381
859.0 	0.0224001 	0.00332451 	42.7414
860.0 	0.022336 	0.00332256 	42.7447
861.0 	0.0222715 	0.00332031 	42.7481
862.0 	0.0222064 	0.00331776 	42.7514
863.0 	0.0221408 	0.00331491 	42.7547
864.0 	0.0220745 	0.00331174 	42.758
865.0 	0.0220078 	0.00330826 	42.7613
866.0 	0.0219408 	0.00330455 	42.7646
867.0 	0.0218756 	0.00330034 	42.7679
868.0 	0.0218121 	0.00329577 	42.7712
869.0 	0.0217491 	0.0032911 	42.7745
870.0 	0.0216857 	0.00328658 	42.7778
871.0 	0.0216209 	0.00328262 	42.7811
872.0 	0.0215544 	0.00327949 	42.7844
873.0 	0.0214871 	0.00327673 	42.7876
874.0 	0.0214196 	0.00327405 	42.7909
875.0 	0.0213522 	0.00327126 	42.7942
876.0 	0.0212854 	0.00326831 	42.7974
877.0 	0.0212129 	0.0032739 	42.8007
878.0 	0.0211395 	0.00328018 	42.804
879.0 	0.021068 	0.00328371 	42.8073
880.0 	0.0209987 	0.00328428 	42.8106
881.0 	0.0209309 	0.00328286 	42.8138
882.0 	0.0208641 	0.00328023 	42.8171
883.0 	0.0207982 	0.00327705 	42.8204
884.0 	0.0207331 	0.00327359 	42.8237
885.0 	0.0206682 	0.00326975 	42.8269
886.0 	0.0206038 	0.00326573 	42.8302
887.0 	0.0205398 	0.00326157 	42.8335
888.0 	0.0204764 	0.00325745 	42.8367
889.0 	0.0204133 	0.00325318 	42.84
890.0 	0.0203504 	0.00324894 	42.8432
891.0 	0.0202873 	0.00324477 	42.8465
892.0 	0.020224 	0.00324064 	42.8497
893.0 	0.0201605 	0.00323649 	42.853
894.0 	0.0200968 	0.00323229 	42.8562
895.0 	0.0200331 	0.00322801 	42.8594
896.0 	0.0199694 	0.00322363 	42.8626
897.0 	0.0199058 	0.00321917 	42.8659
898.0 	0.0198424 	0.00321465 	42.8691
899.0 	0.0197795 	0.00321016 	42.8723
900.0 	0.0197152 	0.00320672 	42.8755
901.0 	0.0196524 	0.00320181 	42.8787
902.0 	0.01959 	0.00319646 	42.8819
903.0 	0.0195277 	0.0031916 	42.8851
904.0 	0.0194656 	0.00318728 	42.8883
905.0 	0.0194039 	0.00318252 	42.8915
906.0 	0.0193428 	0.00317689 	42.8946
907.0 	0.019282 	0.00317177 	42.8978
908.0 	0.0192215 	0.00316696 	42.901
909.0 	0.0191611 	0.00316232 	42.9041
910.0 	0.0191007 	0.00315773 	42.9073
911.0 	0.0190402 	0.00315311 	42.9104
912.0 	0.0189796 	0.00314841 	42.9136
913.0 	0.0189188 	0.00314355 	42.9167
914.0 	0.018858 	0.0031385 	42.9199
915.0 	0.0187971 	0.00313321 	42.923
916.0 	0.0187359 	0.00312752 	42.9261
917.0 	0.0186747 	0.00312163 	42.9293
918.0 	0.0186136 	0.0031156 	42.9324
919.0 	0.0185525 	0.00310949 	42.9355
920.0 	0.0184917 	0.00310335 	42.9386
921.0 	0.018431 	0.0030972 	42.9417
922.0 	0.0183705 	0.00309106 	42.9448
923.0 	0.0183102 	0.00308495 	42.9479
924.0 	0.01825 	0.00307885 	42.9509
925.0 	0.01819 	0.00307275 	42.954
926.0 	0.01813 	0.00306664 	42.9571
927.0 	0.0180701 	0.00306049 	42.9601
928.0 	0.0180101 	0.00305454 	42.9632
929.0 	0.0179503 	0.00304849 	42.9662
930.0 	0.0178907 	0.00304234 	42.9693
931.0 	0.0178311 	0.00303617 	42.9723
932.0 	0.0177715 	0.00302991 	42.9753
933.0 	0.017712 	0.0030236 	42.9784
934.0 	0.0176526 	0.00301723 	42.9814
935.0 	0.0175932 	0.00301083 	42.9844
936.0 	0.0175339 	0.00300438 	42.9874
937.0 	0.0174747 	0.00299788 	42.9904
938.0 	0.0174154 	0.00299132 	42.9934
939.0 	0.0173563 	0.00298472 	42.9964
940.0 	0.0172972 	0.00297807 	42.9994
941.0 	0.0172381 	0.00297138 	43.0023
942.0 	0.0171791 	0.00296465 	43.0053
943.0 	0.0171201 	0.00295789 	43.0082
944.0 	0.0170613 	0.00295123 	43.0112
945.0 	0.0170025 	0.00294478 	43.0141
946.0 	0.0169437 	0.00293819 	43.0171
947.0 	0.0168851 	0.00293143 	43.02
948.0 	0.0168267 	0.00292453 	43.0229
949.0 	0.0167685 	0.00291753 	43.0259
950.0 	0.0167104 	0.00291045 	43.0288
951.0 	0.0166524 	0.00290333 	43.0317
952.0 	0.0165943 	0.00289621 	43.0346
953.0 	0.0165363 	0.00288909 	43.0375
954.0 	0.0164799 	0.00288145 	43.0403
955.0 	0.0164225 	0.00287488 	43.0432
956.0 	0.0163645 	0.00286895 	43.0461
957.0 	0.0163067 	0.00286304 	43.0489
958.0 	0.0162493 	0.00285686 	43.0518
959.0 	0.0161922 	0.00285038 	43.0547
960.0 	0.0161351 	0.00284362 	43.0575
961.0 	0.016078 	0.00283669 	43.0603
962.0 	0.0160209 	0.00282974 	43.0632
963.0 	0.0159639 	0.00282279 	43.066
964.0 	0.0159069 	0.00281581 	43.0688
965.0 	0.0158499 	0.00280875 	43.0716
966.0 	0.015793 	0.00280164 	43.0744
967.0 	0.0157362 	0.00279451 	43.0772
968.0 	0.0156801 	0.0027874 	43.08
969.0 	0.015624 	0.00278002 	43.0828
970.0 	0.0155677 	0.00277252 	43.0855
971.0 	0.015511 	0.00276493 	43.0883
972.0 	0.0154541 	0.00275729 	43.0911
973.0 	0.0153972 	0.00274963 	43.0938
974.0 	0.0153403 	0.00274199 	43.0966
975.0 	0.0152836 	0.00273434 	43.0993
976.0 	0.0152269 	0.00272675 	43.102
977.0 	0.0151705 	0.00271926 	43.1047
978.0 	0.0151142 	0.00271183 	43.1075
979.0 	0.0150581 	0.00270446 	43.1102
980.0 	0.0150016 	0.00269729 	43.1129
981.0 	0.0149445 	0.00269029 	43.1155
982.0 	0.0148872 	0.0026834 	43.1182
983.0 	0.0148299 	0.0026766 	43.1209
984.0 	0.0147727 	0.00266992 	43.1236
985.0 	0.0147156 	0.00266335 	43.1262
986.0 	0.0146588 	0.00265687 	43.1289
987.0 	0.0146022 	0.00265045 	43.1315
988.0 	0.014546 	0.00264408 	43.1342
989.0 	0.01449 	0.00263771 	43.1368
990.0 	0.0144344 	0.00263134 	43.1395
991.0 	0.0143791 	0.00262497 	43.1421
992.0 	0.0143241 	0.00261859 	43.1447
993.0 	0.0142693 	0.0026122 	43.1473
994.0 	0.0142147 	0.00260579 	43.1499
995.0 	0.0141604 	0.00259933 	43.1525
996.0 	0.0141062 	0.00259282 	43.1551
997.0 	0.0140521 	0.00258625 	43.1577
998.0 	0.0139981 	0.0025796 	43.1603
999.0 	0.0139442 	0.0025729 	43.1628
1000.0 	0.0138904 	0.00256613 	43.1654
1001.0 	0.0138365 	0.00255927 	43.168
1002.0 	0.0137828 	0.00255237 	43.1705
1003.0 	0.0137291 	0.00254542 	43.1731
1004.0 	0.0136756 	0.00253846 	43.1756
1005.0 	0.0136222 	0.0025315 	43.1781
1006.0 	0.013569 	0.00252456 	43.1807
1007.0 	0.013516 	0.00251764 	43.1832
1008.0 	0.0134631 	0.00251076 	43.1857
1009.0 	0.0134106 	0.00250394 	43.1882
1010.0 	0.0133585 	0.0024972 	43.1907
1011.0 	0.0133067 	0.00248839 	43.1932
1012.0 	0.0132546 	0.00247871 	43.1957
1013.0 	0.0132022 	0.00246874 	43.1981
1014.0 	0.0131495 	0.00245888 	43.2006
1015.0 	0.0130966 	0.00244939 	43.203
1016.0 	0.0130438 	0.00244042 	43.2055
1017.0 	0.0129914 	0.00243199 	43.2079
1018.0 	0.0129394 	0.00242409 	43.2103
1019.0 	0.0128878 	0.00241662 	43.2128
1020.0 	0.0128367 	0.00240945 	43.2152
1021.0 	0.0127859 	0.00240248 	43.2176
1022.0 	0.0127352 	0.00239559 	43.22
1023.0 	0.0126845 	0.00238871 	43.2223
1024.0 	0.0126338 	0.00238179 	43.2247
1025.0 	0.0125831 	0.00237481 	43.2271
1026.0 	0.0125323 	0.00236778 	43.2295
1027.0 	0.0124816 	0.00236072 	43.2318
1028.0 	0.0124311 	0.00235365 	43.2342
1029.0 	0.0123807 	0.0023466 	43.2365
1030.0 	0.0123305 	0.00233956 	43.2389
1031.0 	0.0122805 	0.00233255 	43.2412
1032.0 	0.0122307 	0.00232556 	43.2435
1033.0 	0.0121811 	0.00231857 	43.2459
1034.0 	0.0121316 	0.00231157 	43.2482
1035.0 	0.0120822 	0.00230456 	43.2505
1036.0 	0.0120295 	0.00229972 	43.2528
1037.0 	0.0119731 	0.00229737 	43.2551
1038.0 	0.0119172 	0.00229437 	43.2574
1039.0 	0.0118628 	0.00228978 	43.2596
1040.0 	0.0118098 	0.00228374 	43.2619
1041.0 	0.0117577 	0.00227669 	43.2642
1042.0 	0.0117065 	0.00226906 	43.2665
1043.0 	0.0116561 	0.00226118 	43.2687
1044.0 	0.0116065 	0.00225327 	43.271
1045.0 	0.0115577 	0.00224548 	43.2732
1046.0 	0.0115096 	0.00223788 	43.2755
1047.0 	0.0114619 	0.00223047 	43.2777
1048.0 	0.0114145 	0.00222322 	43.2799
1049.0 	0.0113672 	0.00221609 	43.2821
1050.0 	0.01132 	0.00220902 	43.2844
1051.0 	0.0112727 	0.00220197 	43.2866
1052.0 	0.0112253 	0.00219491 	43.2888
1053.0 	0.0111779 	0.00218785 	43.2909
1054.0 	0.0111306 	0.00218077 	43.2931
1055.0 	0.0110835 	0.00217371 	43.2953
1056.0 	0.0110366 	0.00216668 	43.2975
1057.0 	0.01099 	0.00215971 	43.2996
1058.0 	0.0109436 	0.00215281 	43.3018
1059.0 	0.0108975 	0.00214596 	43.3039
1060.0 	0.0108515 	0.00213915 	43.3061
1061.0 	0.0108058 	0.00213236 	43.3082
1062.0 	0.0107601 	0.00212556 	43.3103
1063.0 	0.0107145 	0.00211876 	43.3124
1064.0 	0.010669 	0.00211193 	43.3145
1065.0 	0.0106236 	0.00210509 	43.3167
1066.0 	0.0105783 	0.00209824 	43.3187
1067.0 	0.0105331 	0.00209139 	43.3208
1068.0 	0.0104881 	0.00208455 	43.3229
1069.0 	0.0104432 	0.00207771 	43.325
1070.0 	0.0103985 	0.0020709 	43.3271
1071.0 	0.0103539 	0.00206409 	43.3291
1072.0 	0.0103095 	0.00205729 	43.3312
1073.0 	0.0102652 	0.0020505 	43.3332
1074.0 	0.010221 	0.00204372 	43.3353
1075.0 	0.0101769 	0.00203693 	43.3373
1076.0 	0.0101328 	0.00203015 	43.3394
1077.0 	0.0100889 	0.0020234 	43.3414
1078.0 	0.0100452 	0.00201667 	43.3434
1079.0 	0.0100016 	0.00200994 	43.3454
1080.0 	0.00995826 	0.00200323 	43.3474
1081.0 	0.00991509 	0.00199652 	43.3494
1082.0 	0.0098721 	0.00198982 	43.3514
1083.0 	0.00982929 	0.00198312 	43.3534
1084.0 	0.00978663 	0.00197641 	43.3554
1085.0 	0.00974411 	0.0019697 	43.3573
1086.0 	0.00970171 	0.00196299 	43.3593
1087.0 	0.00965942 	0.00195628 	43.3612
1088.0 	0.00961724 	0.00194957 	43.3632
1089.0 	0.00957518 	0.00194288 	43.3651
1090.0 	0.00953324 	0.0019362 	43.3671
1091.0 	0.00949144 	0.00192953 	43.369
1092.0 	0.00944974 	0.00192286 	43.3709
1093.0 	0.00940795 	0.0019161 	43.3728
1094.0 	0.00936628 	0.0019093 	43.3748
1095.0 	0.0093248 	0.00190249 	43.3767
1096.0 	0.00928358 	0.0018957 	43.3785
1097.0 	0.0092426 	0.00188895 	43.3804
1098.0 	0.00920188 	0.00188216 	43.3823
1099.0 	0.00916137 	0.0018754 	43.3842
1100.0 	0.00912097 	0.00186872 	43.3861
1101.0 	0.0090806 	0.00186212 	43.3879
1102.0 	0.00904026 	0.00185556 	43.3898
1103.0 	0.009 	0.00184903 	43.3916
1104.0 	0.00895984 	0.00184252 	43.3935
1105.0 	0.00891982 	0.00183602 	43.3953
1106.0 	0.00887997 	0.00182954 	43.3971
1107.0 	0.00884031 	0.00182308 	43.399
1108.0 	0.00880082 	0.00181663 	43.4008
1109.0 	0.00876151 	0.00181021 	43.4026
1110.0 	0.00872235 	0.0018038 	43.4044
1111.0 	0.00868333 	0.00179739 	43.4062
1112.0 	0.00864444 	0.00179099 	43.408
1113.0 	0.00860566 	0.00178457 	43.4098
1114.0 	0.00856703 	0.00177822 	43.4115
1115.0 	0.00852851 	0.00177186 	43.4133
1116.0 	0.00849013 	0.00176552 	43.4151
1117.0 	0.00845189 	0.00175919 	43.4168
1118.0 	0.00841381 	0.00175286 	43.4186
1119.0 	0.00837587 	0.00174651 	43.4203
1120.0 	0.00833773 	0.00174026 	43.4221
1121.0 	0.00829721 	0.00173478 	43.4238
1122.0 	0.00825593 	0.00172911 	43.4255
1123.0 	0.00821475 	0.00172296 	43.4273
1124.0 	0.00817404 	0.00171646 	43.429
1125.0 	0.00813411 	0.00170986 	43.4307
1126.0 	0.00809522 	0.00170331 	43.4324
1127.0 	0.0080575 	0.00169716 	43.4341
1128.0 	0.00802096 	0.00169119 	43.4358
1129.0 	0.00798532 	0.00168543 	43.4375
1130.0 	0.00795017 	0.0016798 	43.4392
1131.0 	0.00791509 	0.00167426 	43.4408
1132.0 	0.00787978 	0.0016687 	43.4425
1133.0 	0.00784409 	0.00166307 	43.4442
1134.0 	0.00780804 	0.00165733 	43.4458
1135.0 	0.00777178 	0.00165147 	43.4475
1136.0 	0.00773549 	0.00164549 	43.4491
1137.0 	0.00769938 	0.00163944 	43.4508
1138.0 	0.00766356 	0.00163334 	43.4524
1139.0 	0.00762809 	0.00162722 	43.454
1140.0 	0.00759292 	0.00162108 	43.4556
1141.0 	0.00755798 	0.00161492 	43.4572
1142.0 	0.00752318 	0.00160875 	43.4589
1143.0 	0.00748843 	0.00160254 	43.4605
1144.0 	0.00745368 	0.00159629 	43.4621
1145.0 	0.00741892 	0.00159002 	43.4636
1146.0 	0.0073842 	0.00158372 	43.4652
1147.0 	0.00735075 	0.00157579 	43.4668
1148.0 	0.00732131 	0.00156234 	43.4684
1149.0 	0.00729166 	0.00154863 	43.4699
1150.0 	0.00726042 	0.00153664 	43.4715
1151.0 	0.00722777 	0.00152649 	43.473
1152.0 	0.00719439 	0.00151782 	43.4745
1153.0 	0.00716086 	0.00151022 	43.476
1154.0 	0.00712752 	0.00150338 	43.4775
1155.0 	0.0070945 	0.00149705 	43.479
1156.0 	0.00706174 	0.00149104 	43.4805
1157.0 	0.00702912 	0.00148521 	43.482
1158.0 	0.00699655 	0.00147945 	43.4835
1159.0 	0.00696395 	0.0014737 	43.4849
1160.0 	0.00693136 	0.00146795 	43.4864
1161.0 	0.00689881 	0.00146221 	43.4879
1162.0 	0.00686638 	0.00145648 	43.4893
1163.0 	0.0068341 	0.0014508 	43.4908
1164.0 	0.00680201 	0.00144518 	43.4922
1165.0 	0.00676996 	0.00143962 	43.4937
1166.0 	0.00673807 	0.00143411 	43.4951
1167.0 	0.00670641 	0.0014286 	43.4965
1168.0 	0.00667496 	0.00142306 	43.4979
1169.0 	0.00664338 	0.0014178 	43.4994
1170.0 	0.00661116 	0.00141266 	43.5008
1171.0 	0.00657874 	0.00140732 	43.5022
1172.0 	0.00654644 	0.00140172 	43.5036
1173.0 	0.00651425 	0.00139601 	43.505
1174.0 	0.0064822 	0.00139035 	43.5064
1175.0 	0.0064504 	0.0013848 	43.5078
1176.0 	0.00641899 	0.00137938 	43.5091
1177.0 	0.00638778 	0.00137369 	43.5105
1178.0 	0.00635762 	0.00136737 	43.5119
1179.0 	0.00632799 	0.00136066 	43.5132
1180.0 	0.00629844 	0.00135415 	43.5146
1181.0 	0.00626877 	0.00134808 	43.5159
1182.0 	0.00623905 	0.00134243 	43.5173
1183.0 	0.00620938 	0.00133708 	43.5186
1184.0 	0.00617983 	0.0013319 	43.5199
1185.0 	0.00615044 	0.00132681 	43.5213
1186.0 	0.00612116 	0.00132175 	43.5226
1187.0 	0.00609199 	0.0013167 	43.5239
1188.0 	0.00606289 	0.00131163 	43.5252
1189.0 	0.00603391 	0.00130653 	43.5265
1190.0 	0.00600507 	0.0013014 	43.5278
1191.0 	0.00597636 	0.00129627 	43.5291
1192.0 	0.00594777 	0.00129114 	43.5304
1193.0 	0.00591933 	0.00128601 	43.5317
1194.0 	0.005891 	0.00128087 	43.533
1195.0 	0.00586277 	0.00127573 	43.5343
1196.0 	0.00583463 	0.00127059 	43.5355
1197.0 	0.00580654 	0.00126544 	43.5368
1198.0 	0.00577852 	0.00126029 	43.5381
1199.0 	0.00575056 	0.00125513 	43.5393
1200.0 	0.0057227 	0.00124998 	43.5406
1201.0 	0.00569494 	0.00124483 	43.5418
1202.0 	0.00566729 	0.0012397 	43.5431
1203.0 	0.00563978 	0.00123458 	43.5443
1204.0 	0.00561239 	0.00122949 	43.5455
1205.0 	0.00558515 	0.00122442 	43.5467
1206.0 	0.00555803 	0.00121937 	43.548
1207.0 	0.00553103 	0.00121434 	43.5492
1208.0 	0.00550428 	0.0012095 	43.5504
1209.0 	0.0054789 	0.00120455 	43.5516
1210.0 	0.0054553 	0.00119816 	43.5528
1211.0 	0.00543245 	0.00119109 	43.554
1212.0 	0.00540863 	0.00118457 	43.5552
1213.0 	0.00538319 	0.00117929 	43.5563
1214.0 	0.00535643 	0.00117544 	43.5575
1215.0 	0.00532912 	0.00117282 	43.5587
1216.0 	0.00530213 	0.00117105 	43.5599
1217.0 	0.00527605 	0.00116972 	43.561
1218.0 	0.00525126 	0.00116845 	43.5622
1219.0 	0.00522772 	0.0011669 	43.5634
1220.0 	0.00520514 	0.00116487 	43.5645
1221.0 	0.00518305 	0.00116221 	43.5657
1222.0 	0.00516091 	0.0011589 	43.5668
1223.0 	0.00513829 	0.00115497 	43.568
1224.0 	0.00511495 	0.00115053 	43.5692
1225.0 	0.00509081 	0.00114572 	43.5703
1226.0 	0.00506601 	0.00114068 	43.5714
1227.0 	0.00504081 	0.00113554 	43.5726
1228.0 	0.00501548 	0.0011304 	43.5737
1229.0 	0.00499027 	0.00112531 	43.5748
1230.0 	0.00496534 	0.00112031 	43.576
1231.0 	0.00494073 	0.00111537 	43.5771
1232.0 	0.00491638 	0.00111048 	43.5782
1233.0 	0.0048922 	0.00110559 	43.5793
1234.0 	0.00486807 	0.00110066 	43.5804
1235.0 	0.0048439 	0.00109568 	43.5815
1236.0 	0.00481964 	0.00109064 	43.5826
1237.0 	0.00479529 	0.00108555 	43.5837
1238.0 	0.00477088 	0.00108043 	43.5847
1239.0 	0.00474648 	0.0010753 	43.5858
1240.0 	0.00472215 	0.00107018 	43.5869
1241.0 	0.00469799 	0.0010651 	43.5879
1242.0 	0.00467401 	0.00106005 	43.589
1243.0 	0.00465022 	0.00105504 	43.5901
1244.0 	0.0046266 	0.00105004 	43.5911
1245.0 	0.00460312 	0.00104506 	43.5922
1246.0 	0.00457974 	0.00104008 	43.5932
1247.0 	0.00455644 	0.00103511 	43.5942
1248.0 	0.00453319 	0.00103013 	43.5953
1249.0 	0.00451002 	0.00102516 	43.5963
1250.0 	0.00448692 	0.0010202 	43.5973
1251.0 	0.00446391 	0.00101526 	43.5983
1252.0 	0.00444102 	0.00101034 	43.5993
1253.0 	0.00441825 	0.00100546 	43.6003
1254.0 	0.00439562 	0.0010006 	43.6013
1255.0 	0.00437312 	0.000995781 	43.6023
1256.0 	0.00435075 	0.000990989 	43.6033
1257.0 	0.00432851 	0.000986224 	43.6043
1258.0 	0.00430639 	0.000981483 	43.6053
1259.0 	0.00428439 	0.000976764 	43.6063
1260.0 	0.00426251 	0.000972065 	43.6072
1261.0 	0.00424078 	0.000967484 	43.6082
1262.0 	0.00421916 	0.000962835 	43.6092
