# time 	cumulated 	delta
1.0 	0.07 	0.07
2.0 	0.09 	0.01999999999999999
3.0 	0.1 	0.010000000000000009
4.0 	0.12 	0.01999999999999999
5.0 	0.14 	0.020000000000000018
6.0 	0.15 	0.009999999999999981
7.0 	0.17 	0.020000000000000018
8.0 	0.19 	0.01999999999999999
9.0 	0.2 	0.010000000000000009
10.0 	0.22 	0.01999999999999999
11.0 	0.23 	0.010000000000000009
12.0 	0.25 	0.01999999999999999
13.0 	0.27 	0.020000000000000018
14.0 	0.28 	0.010000000000000009
15.0 	0.29 	0.009999999999999953
16.0 	0.31 	0.020000000000000018
17.0 	0.33 	0.020000000000000018
18.0 	0.35 	0.019999999999999962
19.0 	0.37 	0.020000000000000018
20.0 	0.39 	0.020000000000000018
21.0 	0.4 	0.010000000000000009
22.0 	0.42 	0.019999999999999962
23.0 	0.43 	0.010000000000000009
24.0 	0.45 	0.020000000000000018
25.0 	0.47 	0.019999999999999962
26.0 	0.49 	0.020000000000000018
27.0 	0.51 	0.020000000000000018
28.0 	0.52 	0.010000000000000009
29.0 	0.54 	0.020000000000000018
30.0 	0.56 	0.020000000000000018
31.0 	0.58 	0.019999999999999907
32.0 	0.59 	0.010000000000000009
33.0 	0.62 	0.030000000000000027
34.0 	0.64 	0.020000000000000018
35.0 	0.65 	0.010000000000000009
36.0 	0.67 	0.020000000000000018
37.0 	0.69 	0.019999999999999907
38.0 	0.7 	0.010000000000000009
39.0 	0.72 	0.020000000000000018
40.0 	0.74 	0.020000000000000018
41.0 	0.75 	0.010000000000000009
42.0 	0.77 	0.020000000000000018
43.0 	0.78 	0.010000000000000009
44.0 	0.8 	0.020000000000000018
45.0 	0.81 	0.010000000000000009
46.0 	0.83 	0.019999999999999907
47.0 	0.85 	0.020000000000000018
48.0 	0.86 	0.010000000000000009
49.0 	0.88 	0.020000000000000018
50.0 	0.89 	0.010000000000000009
51.0 	0.91 	0.020000000000000018
52.0 	0.92 	0.010000000000000009
53.0 	0.95 	0.029999999999999916
54.0 	0.97 	0.020000000000000018
55.0 	0.99 	0.020000000000000018
56.0 	1.0 	0.010000000000000009
57.0 	1.01 	0.010000000000000009
58.0 	1.03 	0.020000000000000018
59.0 	1.05 	0.020000000000000018
60.0 	1.06 	0.010000000000000009
61.0 	1.08 	0.020000000000000018
62.0 	1.09 	0.010000000000000009
63.0 	1.11 	0.020000000000000018
64.0 	1.13 	0.019999999999999796
65.0 	1.15 	0.020000000000000018
66.0 	1.16 	0.010000000000000009
67.0 	1.18 	0.020000000000000018
68.0 	1.19 	0.010000000000000009
69.0 	1.21 	0.020000000000000018
70.0 	1.22 	0.010000000000000009
71.0 	1.24 	0.020000000000000018
72.0 	1.26 	0.020000000000000018
73.0 	1.28 	0.020000000000000018
74.0 	1.29 	0.010000000000000009
75.0 	1.31 	0.020000000000000018
76.0 	1.33 	0.020000000000000018
77.0 	1.34 	0.010000000000000009
78.0 	1.36 	0.020000000000000018
79.0 	1.38 	0.019999999999999796
80.0 	1.4 	0.020000000000000018
81.0 	1.42 	0.020000000000000018
82.0 	1.44 	0.020000000000000018
83.0 	1.46 	0.020000000000000018
84.0 	1.47 	0.010000000000000009
85.0 	1.49 	0.020000000000000018
86.0 	1.51 	0.020000000000000018
87.0 	1.53 	0.020000000000000018
88.0 	1.55 	0.020000000000000018
89.0 	1.57 	0.020000000000000018
90.0 	1.58 	0.010000000000000009
91.0 	1.6 	0.020000000000000018
92.0 	1.62 	0.020000000000000018
93.0 	1.64 	0.019999999999999796
94.0 	1.66 	0.020000000000000018
95.0 	1.68 	0.020000000000000018
96.0 	1.69 	0.010000000000000009
97.0 	1.71 	0.020000000000000018
98.0 	1.73 	0.020000000000000018
99.0 	1.75 	0.020000000000000018
100.0 	1.77 	0.020000000000000018
101.0 	1.79 	0.020000000000000018
102.0 	1.8 	0.010000000000000009
103.0 	1.82 	0.020000000000000018
104.0 	1.84 	0.020000000000000018
105.0 	1.86 	0.020000000000000018
106.0 	1.88 	0.019999999999999796
107.0 	1.9 	0.020000000000000018
108.0 	1.92 	0.020000000000000018
109.0 	1.94 	0.020000000000000018
110.0 	1.96 	0.020000000000000018
111.0 	1.98 	0.020000000000000018
112.0 	2.0 	0.020000000000000018
113.0 	2.02 	0.020000000000000018
114.0 	2.04 	0.020000000000000018
115.0 	2.06 	0.020000000000000018
116.0 	2.08 	0.020000000000000018
117.0 	2.09 	0.009999999999999787
118.0 	2.12 	0.03000000000000025
119.0 	2.14 	0.020000000000000018
120.0 	2.16 	0.020000000000000018
121.0 	2.18 	0.020000000000000018
122.0 	2.2 	0.020000000000000018
123.0 	2.22 	0.020000000000000018
124.0 	2.24 	0.020000000000000018
125.0 	2.26 	0.019999999999999574
126.0 	2.29 	0.03000000000000025
127.0 	2.31 	0.020000000000000018
128.0 	2.34 	0.029999999999999805
129.0 	2.36 	0.020000000000000018
130.0 	2.39 	0.03000000000000025
131.0 	2.41 	0.020000000000000018
132.0 	2.43 	0.020000000000000018
133.0 	2.46 	0.029999999999999805
134.0 	2.48 	0.020000000000000018
135.0 	2.51 	0.029999999999999805
136.0 	2.53 	0.020000000000000018
137.0 	2.55 	0.020000000000000018
138.0 	2.57 	0.020000000000000018
139.0 	2.59 	0.020000000000000018
140.0 	2.61 	0.020000000000000018
141.0 	2.63 	0.020000000000000018
142.0 	2.65 	0.020000000000000018
143.0 	2.67 	0.020000000000000018
144.0 	2.69 	0.020000000000000018
145.0 	2.71 	0.020000000000000018
146.0 	2.73 	0.020000000000000018
147.0 	2.75 	0.020000000000000018
148.0 	2.77 	0.020000000000000018
149.0 	2.79 	0.020000000000000018
150.0 	2.81 	0.020000000000000018
151.0 	2.84 	0.029999999999999805
152.0 	2.86 	0.020000000000000018
153.0 	2.89 	0.03000000000000025
154.0 	2.91 	0.020000000000000018
155.0 	2.93 	0.020000000000000018
156.0 	2.95 	0.020000000000000018
157.0 	2.97 	0.020000000000000018
158.0 	2.99 	0.020000000000000018
159.0 	3.01 	0.019999999999999574
160.0 	3.03 	0.020000000000000018
161.0 	3.05 	0.020000000000000018
162.0 	3.08 	0.03000000000000025
163.0 	3.09 	0.009999999999999787
164.0 	3.12 	0.03000000000000025
165.0 	3.14 	0.020000000000000018
166.0 	3.16 	0.020000000000000018
167.0 	3.18 	0.020000000000000018
168.0 	3.21 	0.029999999999999805
169.0 	3.23 	0.020000000000000018
170.0 	3.25 	0.020000000000000018
171.0 	3.27 	0.020000000000000018
172.0 	3.3 	0.029999999999999805
173.0 	3.33 	0.03000000000000025
174.0 	3.35 	0.020000000000000018
175.0 	3.37 	0.020000000000000018
176.0 	3.4 	0.029999999999999805
177.0 	3.42 	0.020000000000000018
178.0 	3.45 	0.03000000000000025
179.0 	3.47 	0.020000000000000018
180.0 	3.49 	0.020000000000000018
181.0 	3.52 	0.029999999999999805
182.0 	3.54 	0.020000000000000018
183.0 	3.57 	0.029999999999999805
184.0 	3.59 	0.020000000000000018
185.0 	3.61 	0.020000000000000018
186.0 	3.63 	0.020000000000000018
187.0 	3.66 	0.03000000000000025
188.0 	3.68 	0.020000000000000018
189.0 	3.7 	0.020000000000000018
190.0 	3.73 	0.029999999999999805
191.0 	3.75 	0.020000000000000018
192.0 	3.78 	0.029999999999999805
193.0 	3.8 	0.020000000000000018
194.0 	3.82 	0.020000000000000018
195.0 	3.84 	0.020000000000000018
196.0 	3.87 	0.03000000000000025
197.0 	3.89 	0.020000000000000018
198.0 	3.92 	0.029999999999999805
199.0 	3.94 	0.020000000000000018
200.0 	3.96 	0.020000000000000018
201.0 	3.98 	0.020000000000000018
202.0 	4.01 	0.029999999999999805
203.0 	4.03 	0.020000000000000462
204.0 	4.05 	0.019999999999999574
205.0 	4.07 	0.020000000000000462
206.0 	4.1 	0.02999999999999936
207.0 	4.12 	0.020000000000000462
208.0 	4.15 	0.03000000000000025
209.0 	4.17 	0.019999999999999574
210.0 	4.19 	0.020000000000000462
211.0 	4.22 	0.02999999999999936
212.0 	4.24 	0.020000000000000462
213.0 	4.26 	0.019999999999999574
214.0 	4.29 	0.03000000000000025
215.0 	4.31 	0.019999999999999574
216.0 	4.33 	0.020000000000000462
217.0 	4.36 	0.03000000000000025
218.0 	4.38 	0.019999999999999574
219.0 	4.4 	0.020000000000000462
220.0 	4.43 	0.02999999999999936
221.0 	4.45 	0.020000000000000462
222.0 	4.47 	0.019999999999999574
223.0 	4.5 	0.03000000000000025
224.0 	4.52 	0.019999999999999574
225.0 	4.54 	0.020000000000000462
226.0 	4.57 	0.03000000000000025
227.0 	4.59 	0.019999999999999574
228.0 	4.61 	0.020000000000000462
229.0 	4.63 	0.019999999999999574
230.0 	4.65 	0.020000000000000462
231.0 	4.68 	0.02999999999999936
232.0 	4.7 	0.020000000000000462
233.0 	4.72 	0.019999999999999574
234.0 	4.74 	0.020000000000000462
235.0 	4.76 	0.019999999999999574
236.0 	4.79 	0.03000000000000025
237.0 	4.81 	0.019999999999999574
238.0 	4.83 	0.020000000000000462
239.0 	4.86 	0.03000000000000025
240.0 	4.88 	0.019999999999999574
241.0 	4.9 	0.020000000000000462
242.0 	4.92 	0.019999999999999574
243.0 	4.94 	0.020000000000000462
244.0 	4.96 	0.019999999999999574
245.0 	4.99 	0.03000000000000025
246.0 	5.01 	0.019999999999999574
247.0 	5.03 	0.020000000000000462
248.0 	5.05 	0.019999999999999574
249.0 	5.07 	0.020000000000000462
250.0 	5.09 	0.019999999999999574
251.0 	5.11 	0.020000000000000462
252.0 	5.14 	0.02999999999999936
253.0 	5.15 	0.010000000000000675
254.0 	5.17 	0.019999999999999574
255.0 	5.19 	0.020000000000000462
256.0 	5.21 	0.019999999999999574
257.0 	5.23 	0.020000000000000462
258.0 	5.25 	0.019999999999999574
259.0 	5.27 	0.019999999999999574
260.0 	5.29 	0.020000000000000462
261.0 	5.31 	0.019999999999999574
262.0 	5.33 	0.020000000000000462
263.0 	5.35 	0.019999999999999574
264.0 	5.36 	0.010000000000000675
265.0 	5.38 	0.019999999999999574
266.0 	5.4 	0.020000000000000462
267.0 	5.42 	0.019999999999999574
268.0 	5.45 	0.03000000000000025
269.0 	5.46 	0.009999999999999787
270.0 	5.48 	0.020000000000000462
271.0 	5.49 	0.009999999999999787
272.0 	5.51 	0.019999999999999574
273.0 	5.53 	0.020000000000000462
274.0 	5.55 	0.019999999999999574
275.0 	5.56 	0.009999999999999787
276.0 	5.58 	0.020000000000000462
277.0 	5.59 	0.009999999999999787
278.0 	5.61 	0.020000000000000462
279.0 	5.63 	0.019999999999999574
280.0 	5.64 	0.009999999999999787
281.0 	5.66 	0.020000000000000462
282.0 	5.67 	0.009999999999999787
283.0 	5.69 	0.020000000000000462
284.0 	5.7 	0.009999999999999787
285.0 	5.71 	0.009999999999999787
286.0 	5.73 	0.020000000000000462
287.0 	5.75 	0.019999999999999574
288.0 	5.76 	0.009999999999999787
289.0 	5.78 	0.020000000000000462
290.0 	5.79 	0.009999999999999787
291.0 	5.81 	0.019999999999999574
292.0 	5.82 	0.010000000000000675
293.0 	5.84 	0.019999999999999574
294.0 	5.86 	0.020000000000000462
295.0 	5.88 	0.019999999999999574
296.0 	5.89 	0.009999999999999787
297.0 	5.91 	0.020000000000000462
298.0 	5.92 	0.009999999999999787
299.0 	5.94 	0.020000000000000462
300.0 	5.95 	0.009999999999999787
301.0 	5.97 	0.019999999999999574
302.0 	5.98 	0.010000000000000675
303.0 	6.0 	0.019999999999999574
304.0 	6.02 	0.019999999999999574
305.0 	6.03 	0.010000000000000675
306.0 	6.05 	0.019999999999999574
307.0 	6.06 	0.009999999999999787
308.0 	6.08 	0.020000000000000462
309.0 	6.09 	0.009999999999999787
310.0 	6.1 	0.009999999999999787
311.0 	6.12 	0.020000000000000462
312.0 	6.13 	0.009999999999999787
313.0 	6.16 	0.03000000000000025
314.0 	6.17 	0.009999999999999787
315.0 	6.19 	0.020000000000000462
316.0 	6.2 	0.009999999999999787
317.0 	6.21 	0.009999999999999787
318.0 	6.23 	0.020000000000000462
319.0 	6.24 	0.009999999999999787
320.0 	6.25 	0.009999999999999787
321.0 	6.27 	0.019999999999999574
322.0 	6.28 	0.010000000000000675
323.0 	6.29 	0.009999999999999787
324.0 	6.31 	0.019999999999999574
325.0 	6.32 	0.010000000000000675
326.0 	6.34 	0.019999999999999574
327.0 	6.35 	0.009999999999999787
328.0 	6.37 	0.020000000000000462
329.0 	6.39 	0.019999999999999574
330.0 	6.41 	0.020000000000000462
331.0 	6.42 	0.009999999999999787
332.0 	6.44 	0.020000000000000462
333.0 	6.46 	0.019999999999999574
334.0 	6.47 	0.009999999999999787
335.0 	6.49 	0.020000000000000462
336.0 	6.5 	0.009999999999999787
337.0 	6.52 	0.019999999999999574
338.0 	6.53 	0.010000000000000675
339.0 	6.55 	0.019999999999999574
340.0 	6.57 	0.020000000000000462
341.0 	6.58 	0.009999999999999787
342.0 	6.59 	0.009999999999999787
343.0 	6.61 	0.020000000000000462
344.0 	6.62 	0.009999999999999787
345.0 	6.64 	0.019999999999999574
346.0 	6.65 	0.010000000000000675
347.0 	6.67 	0.019999999999999574
348.0 	6.68 	0.009999999999999787
349.0 	6.69 	0.010000000000000675
350.0 	6.71 	0.019999999999999574
351.0 	6.73 	0.020000000000000462
352.0 	6.74 	0.009999999999999787
353.0 	6.75 	0.009999999999999787
354.0 	6.77 	0.019999999999999574
355.0 	6.78 	0.010000000000000675
356.0 	6.79 	0.009999999999999787
357.0 	6.81 	0.019999999999999574
358.0 	6.82 	0.010000000000000675
359.0 	6.83 	0.009999999999999787
360.0 	6.84 	0.009999999999999787
361.0 	6.86 	0.020000000000000462
362.0 	6.87 	0.009999999999999787
363.0 	6.89 	0.019999999999999574
364.0 	6.9 	0.010000000000000675
365.0 	6.92 	0.019999999999999574
366.0 	6.93 	0.009999999999999787
367.0 	6.95 	0.020000000000000462
368.0 	6.96 	0.009999999999999787
369.0 	6.98 	0.020000000000000462
370.0 	7.0 	0.019999999999999574
371.0 	7.01 	0.009999999999999787
372.0 	7.03 	0.020000000000000462
373.0 	7.04 	0.009999999999999787
374.0 	7.06 	0.019999999999999574
375.0 	7.07 	0.010000000000000675
376.0 	7.09 	0.019999999999999574
377.0 	7.1 	0.009999999999999787
378.0 	7.11 	0.010000000000000675
379.0 	7.13 	0.019999999999999574
380.0 	7.14 	0.009999999999999787
381.0 	7.16 	0.020000000000000462
382.0 	7.17 	0.009999999999999787
383.0 	7.19 	0.020000000000000462
384.0 	7.2 	0.009999999999999787
385.0 	7.22 	0.019999999999999574
386.0 	7.24 	0.020000000000000462
387.0 	7.25 	0.009999999999999787
388.0 	7.27 	0.019999999999999574
389.0 	7.29 	0.020000000000000462
390.0 	7.3 	0.009999999999999787
391.0 	7.32 	0.020000000000000462
392.0 	7.34 	0.019999999999999574
393.0 	7.35 	0.009999999999999787
394.0 	7.37 	0.020000000000000462
395.0 	7.38 	0.009999999999999787
396.0 	7.4 	0.020000000000000462
397.0 	7.42 	0.019999999999999574
398.0 	7.43 	0.009999999999999787
399.0 	7.45 	0.020000000000000462
400.0 	7.46 	0.009999999999999787
401.0 	7.48 	0.020000000000000462
402.0 	7.49 	0.009999999999999787
403.0 	7.51 	0.019999999999999574
404.0 	7.53 	0.020000000000000462
405.0 	7.55 	0.019999999999999574
406.0 	7.56 	0.009999999999999787
407.0 	7.58 	0.020000000000000462
408.0 	7.6 	0.019999999999999574
409.0 	7.61 	0.010000000000000675
410.0 	7.63 	0.019999999999999574
411.0 	7.65 	0.020000000000000462
412.0 	7.66 	0.009999999999999787
413.0 	7.68 	0.019999999999999574
414.0 	7.7 	0.020000000000000462
415.0 	7.71 	0.009999999999999787
416.0 	7.73 	0.020000000000000462
417.0 	7.75 	0.019999999999999574
418.0 	7.77 	0.019999999999999574
419.0 	7.79 	0.020000000000000462
420.0 	7.8 	0.009999999999999787
421.0 	7.82 	0.020000000000000462
422.0 	7.83 	0.009999999999999787
423.0 	7.85 	0.019999999999999574
424.0 	7.87 	0.020000000000000462
425.0 	7.88 	0.009999999999999787
426.0 	7.9 	0.020000000000000462
427.0 	7.91 	0.009999999999999787
428.0 	7.93 	0.019999999999999574
429.0 	7.95 	0.020000000000000462
430.0 	7.96 	0.009999999999999787
431.0 	7.97 	0.009999999999999787
432.0 	7.98 	0.010000000000000675
433.0 	8.0 	0.019999999999999574
434.0 	8.01 	0.009999999999999787
435.0 	8.02 	0.009999999999999787
436.0 	8.03 	0.009999999999999787
437.0 	8.05 	0.02000000000000135
438.0 	8.06 	0.009999999999999787
439.0 	8.07 	0.009999999999999787
440.0 	8.09 	0.019999999999999574
441.0 	8.1 	0.009999999999999787
442.0 	8.11 	0.009999999999999787
443.0 	8.13 	0.02000000000000135
444.0 	8.14 	0.009999999999999787
445.0 	8.15 	0.009999999999999787
446.0 	8.17 	0.019999999999999574
447.0 	8.18 	0.009999999999999787
448.0 	8.19 	0.009999999999999787
449.0 	8.21 	0.02000000000000135
450.0 	8.22 	0.009999999999999787
451.0 	8.23 	0.009999999999999787
452.0 	8.25 	0.019999999999999574
453.0 	8.26 	0.009999999999999787
454.0 	8.27 	0.009999999999999787
455.0 	8.29 	0.019999999999999574
456.0 	8.3 	0.010000000000001563
457.0 	8.31 	0.009999999999999787
458.0 	8.33 	0.019999999999999574
459.0 	8.34 	0.009999999999999787
460.0 	8.35 	0.009999999999999787
461.0 	8.37 	0.019999999999999574
462.0 	8.38 	0.010000000000001563
463.0 	8.39 	0.009999999999999787
464.0 	8.4 	0.009999999999999787
465.0 	8.42 	0.019999999999999574
466.0 	8.43 	0.009999999999999787
467.0 	8.44 	0.009999999999999787
468.0 	8.46 	0.02000000000000135
469.0 	8.47 	0.009999999999999787
470.0 	8.49 	0.019999999999999574
471.0 	8.5 	0.009999999999999787
472.0 	8.52 	0.019999999999999574
473.0 	8.53 	0.009999999999999787
474.0 	8.54 	0.009999999999999787
475.0 	8.55 	0.010000000000001563
476.0 	8.57 	0.019999999999999574
477.0 	8.58 	0.009999999999999787
478.0 	8.6 	0.019999999999999574
479.0 	8.61 	0.009999999999999787
480.0 	8.62 	0.009999999999999787
481.0 	8.63 	0.010000000000001563
482.0 	8.65 	0.019999999999999574
483.0 	8.66 	0.009999999999999787
484.0 	8.67 	0.009999999999999787
485.0 	8.68 	0.009999999999999787
486.0 	8.69 	0.009999999999999787
487.0 	8.7 	0.009999999999999787
488.0 	8.71 	0.010000000000001563
489.0 	8.72 	0.009999999999999787
490.0 	8.73 	0.009999999999999787
491.0 	8.75 	0.019999999999999574
492.0 	8.76 	0.009999999999999787
493.0 	8.77 	0.009999999999999787
494.0 	8.78 	0.009999999999999787
495.0 	8.79 	0.009999999999999787
496.0 	8.8 	0.010000000000001563
497.0 	8.82 	0.019999999999999574
498.0 	8.83 	0.009999999999999787
499.0 	8.84 	0.009999999999999787
500.0 	8.85 	0.009999999999999787
501.0 	8.86 	0.009999999999999787
502.0 	8.87 	0.009999999999999787
503.0 	8.88 	0.010000000000001563
504.0 	8.9 	0.019999999999999574
505.0 	8.91 	0.009999999999999787
506.0 	8.92 	0.009999999999999787
507.0 	8.94 	0.019999999999999574
508.0 	8.95 	0.009999999999999787
509.0 	8.96 	0.010000000000001563
510.0 	8.97 	0.009999999999999787
511.0 	8.98 	0.009999999999999787
512.0 	8.99 	0.009999999999999787
513.0 	9.01 	0.019999999999999574
514.0 	9.02 	0.009999999999999787
515.0 	9.03 	0.009999999999999787
516.0 	9.04 	0.009999999999999787
517.0 	9.05 	0.010000000000001563
518.0 	9.06 	0.009999999999999787
519.0 	9.08 	0.019999999999999574
520.0 	9.09 	0.009999999999999787
521.0 	9.1 	0.009999999999999787
522.0 	9.12 	0.019999999999999574
523.0 	9.13 	0.010000000000001563
524.0 	9.13 	0.0
525.0 	9.15 	0.019999999999999574
526.0 	9.16 	0.009999999999999787
527.0 	9.17 	0.009999999999999787
528.0 	9.18 	0.009999999999999787
529.0 	9.2 	0.019999999999999574
530.0 	9.21 	0.010000000000001563
531.0 	9.23 	0.019999999999999574
532.0 	9.23 	0.0
533.0 	9.25 	0.019999999999999574
534.0 	9.26 	0.009999999999999787
535.0 	9.27 	0.009999999999999787
536.0 	9.28 	0.009999999999999787
537.0 	9.29 	0.009999999999999787
538.0 	9.3 	0.010000000000001563
539.0 	9.31 	0.009999999999999787
540.0 	9.33 	0.019999999999999574
541.0 	9.34 	0.009999999999999787
542.0 	9.36 	0.019999999999999574
543.0 	9.37 	0.009999999999999787
544.0 	9.39 	0.02000000000000135
545.0 	9.4 	0.009999999999999787
546.0 	9.41 	0.009999999999999787
547.0 	9.42 	0.009999999999999787
548.0 	9.44 	0.019999999999999574
549.0 	9.45 	0.009999999999999787
550.0 	9.46 	0.010000000000001563
551.0 	9.47 	0.009999999999999787
552.0 	9.48 	0.009999999999999787
553.0 	9.5 	0.019999999999999574
554.0 	9.52 	0.019999999999999574
555.0 	9.53 	0.009999999999999787
556.0 	9.54 	0.009999999999999787
557.0 	9.55 	0.010000000000001563
558.0 	9.56 	0.009999999999999787
559.0 	9.58 	0.019999999999999574
560.0 	9.59 	0.009999999999999787
561.0 	9.6 	0.009999999999999787
562.0 	9.61 	0.009999999999999787
563.0 	9.62 	0.009999999999999787
564.0 	9.64 	0.02000000000000135
565.0 	9.64 	0.0
566.0 	9.65 	0.009999999999999787
567.0 	9.66 	0.009999999999999787
568.0 	9.67 	0.009999999999999787
569.0 	9.69 	0.019999999999999574
570.0 	9.7 	0.009999999999999787
571.0 	9.71 	0.010000000000001563
572.0 	9.71 	0.0
573.0 	9.72 	0.009999999999999787
574.0 	9.74 	0.019999999999999574
575.0 	9.75 	0.009999999999999787
576.0 	9.76 	0.009999999999999787
577.0 	9.77 	0.009999999999999787
578.0 	9.78 	0.009999999999999787
579.0 	9.79 	0.009999999999999787
580.0 	9.81 	0.02000000000000135
581.0 	9.82 	0.009999999999999787
582.0 	9.83 	0.009999999999999787
583.0 	9.84 	0.009999999999999787
584.0 	9.85 	0.009999999999999787
585.0 	9.86 	0.009999999999999787
586.0 	9.88 	0.02000000000000135
587.0 	9.89 	0.009999999999999787
588.0 	9.9 	0.009999999999999787
589.0 	9.91 	0.009999999999999787
590.0 	9.92 	0.009999999999999787
591.0 	9.93 	0.009999999999999787
592.0 	9.94 	0.009999999999999787
593.0 	9.95 	0.009999999999999787
594.0 	9.96 	0.010000000000001563
595.0 	9.97 	0.009999999999999787
596.0 	9.99 	0.019999999999999574
597.0 	10.0 	0.009999999999999787
598.0 	10.01 	0.009999999999999787
599.0 	10.02 	0.009999999999999787
600.0 	10.04 	0.019999999999999574
601.0 	10.05 	0.010000000000001563
602.0 	10.06 	0.009999999999999787
603.0 	10.07 	0.009999999999999787
604.0 	10.08 	0.009999999999999787
605.0 	10.09 	0.009999999999999787
606.0 	10.11 	0.019999999999999574
607.0 	10.12 	0.009999999999999787
608.0 	10.13 	0.010000000000001563
609.0 	10.14 	0.009999999999999787
610.0 	10.15 	0.009999999999999787
611.0 	10.16 	0.009999999999999787
612.0 	10.17 	0.009999999999999787
613.0 	10.18 	0.009999999999999787
614.0 	10.19 	0.009999999999999787
615.0 	10.21 	0.02000000000000135
616.0 	10.22 	0.009999999999999787
617.0 	10.24 	0.019999999999999574
618.0 	10.25 	0.009999999999999787
619.0 	10.26 	0.009999999999999787
620.0 	10.27 	0.009999999999999787
621.0 	10.28 	0.009999999999999787
622.0 	10.29 	0.009999999999999787
623.0 	10.3 	0.010000000000001563
624.0 	10.31 	0.009999999999999787
625.0 	10.32 	0.009999999999999787
626.0 	10.33 	0.009999999999999787
627.0 	10.34 	0.009999999999999787
628.0 	10.35 	0.009999999999999787
629.0 	10.36 	0.009999999999999787
630.0 	10.38 	0.02000000000000135
631.0 	10.39 	0.009999999999999787
632.0 	10.4 	0.009999999999999787
633.0 	10.41 	0.009999999999999787
634.0 	10.42 	0.009999999999999787
635.0 	10.43 	0.009999999999999787
636.0 	10.44 	0.009999999999999787
637.0 	10.45 	0.009999999999999787
638.0 	10.46 	0.010000000000001563
639.0 	10.48 	0.019999999999999574
640.0 	10.49 	0.009999999999999787
641.0 	10.5 	0.009999999999999787
642.0 	10.52 	0.019999999999999574
643.0 	10.52 	0.0
644.0 	10.54 	0.019999999999999574
645.0 	10.55 	0.010000000000001563
646.0 	10.56 	0.009999999999999787
647.0 	10.57 	0.009999999999999787
648.0 	10.58 	0.009999999999999787
649.0 	10.59 	0.009999999999999787
650.0 	10.6 	0.009999999999999787
651.0 	10.61 	0.009999999999999787
652.0 	10.62 	0.009999999999999787
653.0 	10.64 	0.02000000000000135
654.0 	10.65 	0.009999999999999787
655.0 	10.66 	0.009999999999999787
656.0 	10.67 	0.009999999999999787
657.0 	10.69 	0.019999999999999574
658.0 	10.7 	0.009999999999999787
659.0 	10.71 	0.010000000000001563
660.0 	10.72 	0.009999999999999787
661.0 	10.73 	0.009999999999999787
662.0 	10.75 	0.019999999999999574
663.0 	10.76 	0.009999999999999787
664.0 	10.77 	0.009999999999999787
665.0 	10.78 	0.009999999999999787
666.0 	10.79 	0.009999999999999787
667.0 	10.8 	0.010000000000001563
668.0 	10.81 	0.009999999999999787
669.0 	10.82 	0.009999999999999787
670.0 	10.83 	0.009999999999999787
671.0 	10.84 	0.009999999999999787
672.0 	10.85 	0.009999999999999787
673.0 	10.86 	0.009999999999999787
674.0 	10.87 	0.009999999999999787
675.0 	10.88 	0.010000000000001563
676.0 	10.9 	0.019999999999999574
677.0 	10.91 	0.009999999999999787
678.0 	10.92 	0.009999999999999787
679.0 	10.93 	0.009999999999999787
680.0 	10.94 	0.009999999999999787
681.0 	10.96 	0.02000000000000135
682.0 	10.97 	0.009999999999999787
683.0 	10.98 	0.009999999999999787
684.0 	10.99 	0.009999999999999787
685.0 	10.99 	0.0
686.0 	11.01 	0.019999999999999574
687.0 	11.02 	0.009999999999999787
688.0 	11.02 	0.0
689.0 	11.04 	0.019999999999999574
690.0 	11.05 	0.010000000000001563
691.0 	11.06 	0.009999999999999787
692.0 	11.07 	0.009999999999999787
693.0 	11.08 	0.009999999999999787
694.0 	11.09 	0.009999999999999787
695.0 	11.1 	0.009999999999999787
696.0 	11.11 	0.009999999999999787
697.0 	11.12 	0.009999999999999787
698.0 	11.13 	0.010000000000001563
699.0 	11.14 	0.009999999999999787
700.0 	11.16 	0.019999999999999574
701.0 	11.17 	0.009999999999999787
702.0 	11.17 	0.0
703.0 	11.19 	0.019999999999999574
704.0 	11.2 	0.009999999999999787
705.0 	11.21 	0.010000000000001563
706.0 	11.22 	0.009999999999999787
707.0 	11.23 	0.009999999999999787
708.0 	11.24 	0.009999999999999787
709.0 	11.25 	0.009999999999999787
710.0 	11.26 	0.009999999999999787
711.0 	11.28 	0.019999999999999574
712.0 	11.29 	0.009999999999999787
713.0 	11.3 	0.010000000000001563
714.0 	11.32 	0.019999999999999574
715.0 	11.33 	0.009999999999999787
716.0 	11.35 	0.019999999999999574
717.0 	11.36 	0.009999999999999787
718.0 	11.37 	0.009999999999999787
719.0 	11.39 	0.02000000000000135
720.0 	11.4 	0.009999999999999787
721.0 	11.42 	0.019999999999999574
722.0 	11.43 	0.009999999999999787
723.0 	11.43 	0.0
724.0 	11.44 	0.009999999999999787
725.0 	11.45 	0.009999999999999787
726.0 	11.47 	0.02000000000000135
727.0 	11.48 	0.009999999999999787
728.0 	11.49 	0.009999999999999787
729.0 	11.5 	0.009999999999999787
730.0 	11.51 	0.009999999999999787
731.0 	11.53 	0.019999999999999574
732.0 	11.54 	0.009999999999999787
733.0 	11.55 	0.010000000000001563
734.0 	11.57 	0.019999999999999574
735.0 	11.58 	0.009999999999999787
736.0 	11.59 	0.009999999999999787
737.0 	11.6 	0.009999999999999787
738.0 	11.61 	0.009999999999999787
739.0 	11.63 	0.02000000000000135
740.0 	11.64 	0.009999999999999787
741.0 	11.65 	0.009999999999999787
742.0 	11.66 	0.009999999999999787
743.0 	11.67 	0.009999999999999787
744.0 	11.68 	0.009999999999999787
745.0 	11.69 	0.009999999999999787
746.0 	11.7 	0.009999999999999787
747.0 	11.72 	0.02000000000000135
748.0 	11.73 	0.009999999999999787
749.0 	11.75 	0.019999999999999574
750.0 	11.76 	0.009999999999999787
751.0 	11.77 	0.009999999999999787
752.0 	11.77 	0.0
753.0 	11.78 	0.009999999999999787
754.0 	11.79 	0.009999999999999787
755.0 	11.8 	0.010000000000001563
756.0 	11.81 	0.009999999999999787
757.0 	11.82 	0.009999999999999787
758.0 	11.83 	0.009999999999999787
759.0 	11.84 	0.009999999999999787
760.0 	11.85 	0.009999999999999787
761.0 	11.86 	0.009999999999999787
762.0 	11.88 	0.02000000000000135
763.0 	11.89 	0.009999999999999787
764.0 	11.9 	0.009999999999999787
765.0 	11.91 	0.009999999999999787
766.0 	11.92 	0.009999999999999787
767.0 	11.93 	0.009999999999999787
768.0 	11.93 	0.0
769.0 	11.94 	0.009999999999999787
770.0 	11.95 	0.009999999999999787
771.0 	11.97 	0.02000000000000135
772.0 	11.98 	0.009999999999999787
773.0 	11.99 	0.009999999999999787
774.0 	12.0 	0.009999999999999787
775.0 	12.01 	0.009999999999999787
776.0 	12.03 	0.019999999999999574
777.0 	12.04 	0.009999999999999787
778.0 	12.05 	0.010000000000001563
779.0 	12.07 	0.019999999999999574
780.0 	12.08 	0.009999999999999787
781.0 	12.09 	0.009999999999999787
782.0 	12.1 	0.009999999999999787
783.0 	12.12 	0.019999999999999574
784.0 	12.13 	0.010000000000001563
785.0 	12.14 	0.009999999999999787
786.0 	12.15 	0.009999999999999787
787.0 	12.16 	0.009999999999999787
788.0 	12.18 	0.019999999999999574
789.0 	12.19 	0.009999999999999787
790.0 	12.2 	0.009999999999999787
791.0 	12.21 	0.010000000000001563
792.0 	12.22 	0.009999999999999787
793.0 	12.23 	0.009999999999999787
794.0 	12.23 	0.0
795.0 	12.25 	0.019999999999999574
796.0 	12.26 	0.009999999999999787
797.0 	12.27 	0.009999999999999787
798.0 	12.29 	0.019999999999999574
799.0 	12.3 	0.010000000000001563
800.0 	12.31 	0.009999999999999787
801.0 	12.32 	0.009999999999999787
802.0 	12.32 	0.0
803.0 	12.33 	0.009999999999999787
804.0 	12.34 	0.009999999999999787
805.0 	12.35 	0.009999999999999787
806.0 	12.37 	0.019999999999999574
807.0 	12.38 	0.010000000000001563
808.0 	12.39 	0.009999999999999787
809.0 	12.4 	0.009999999999999787
810.0 	12.41 	0.009999999999999787
811.0 	12.43 	0.019999999999999574
812.0 	12.43 	0.0
813.0 	12.45 	0.019999999999999574
814.0 	12.47 	0.02000000000000135
815.0 	12.48 	0.009999999999999787
816.0 	12.49 	0.009999999999999787
817.0 	12.5 	0.009999999999999787
818.0 	12.51 	0.009999999999999787
819.0 	12.53 	0.019999999999999574
820.0 	12.54 	0.009999999999999787
821.0 	12.55 	0.010000000000001563
822.0 	12.56 	0.009999999999999787
823.0 	12.58 	0.019999999999999574
824.0 	12.59 	0.009999999999999787
825.0 	12.6 	0.009999999999999787
826.0 	12.61 	0.009999999999999787
827.0 	12.62 	0.009999999999999787
828.0 	12.62 	0.0
829.0 	12.63 	0.010000000000001563
830.0 	12.64 	0.009999999999999787
831.0 	12.65 	0.009999999999999787
832.0 	12.67 	0.019999999999999574
833.0 	12.68 	0.009999999999999787
834.0 	12.69 	0.009999999999999787
835.0 	12.7 	0.009999999999999787
836.0 	12.71 	0.010000000000001563
837.0 	12.72 	0.009999999999999787
838.0 	12.74 	0.019999999999999574
839.0 	12.75 	0.009999999999999787
840.0 	12.76 	0.009999999999999787
841.0 	12.77 	0.009999999999999787
842.0 	12.78 	0.009999999999999787
843.0 	12.79 	0.009999999999999787
844.0 	12.8 	0.010000000000001563
845.0 	12.81 	0.009999999999999787
846.0 	12.83 	0.019999999999999574
847.0 	12.84 	0.009999999999999787
848.0 	12.85 	0.009999999999999787
849.0 	12.86 	0.009999999999999787
850.0 	12.87 	0.009999999999999787
851.0 	12.88 	0.010000000000001563
852.0 	12.89 	0.009999999999999787
853.0 	12.9 	0.009999999999999787
854.0 	12.91 	0.009999999999999787
855.0 	12.92 	0.009999999999999787
856.0 	12.93 	0.009999999999999787
857.0 	12.94 	0.009999999999999787
858.0 	12.95 	0.009999999999999787
859.0 	12.96 	0.010000000000001563
860.0 	12.97 	0.009999999999999787
861.0 	12.98 	0.009999999999999787
862.0 	13.0 	0.019999999999999574
863.0 	13.01 	0.009999999999999787
864.0 	13.02 	0.009999999999999787
865.0 	13.03 	0.009999999999999787
866.0 	13.04 	0.009999999999999787
867.0 	13.05 	0.010000000000001563
868.0 	13.06 	0.009999999999999787
869.0 	13.07 	0.009999999999999787
870.0 	13.08 	0.009999999999999787
871.0 	13.1 	0.019999999999999574
872.0 	13.11 	0.009999999999999787
873.0 	13.12 	0.009999999999999787
874.0 	13.12 	0.0
875.0 	13.13 	0.010000000000001563
876.0 	13.14 	0.009999999999999787
877.0 	13.15 	0.009999999999999787
878.0 	13.17 	0.019999999999999574
879.0 	13.18 	0.009999999999999787
880.0 	13.19 	0.009999999999999787
881.0 	13.2 	0.009999999999999787
882.0 	13.2 	0.0
883.0 	13.21 	0.010000000000001563
884.0 	13.22 	0.009999999999999787
885.0 	13.23 	0.009999999999999787
886.0 	13.24 	0.009999999999999787
887.0 	13.25 	0.009999999999999787
888.0 	13.26 	0.009999999999999787
889.0 	13.27 	0.009999999999999787
890.0 	13.28 	0.009999999999999787
891.0 	13.29 	0.009999999999999787
892.0 	13.3 	0.010000000000001563
893.0 	13.31 	0.009999999999999787
894.0 	13.32 	0.009999999999999787
895.0 	13.33 	0.009999999999999787
896.0 	13.34 	0.009999999999999787
897.0 	13.35 	0.009999999999999787
898.0 	13.37 	0.019999999999999574
899.0 	13.38 	0.010000000000001563
900.0 	13.38 	0.0
901.0 	13.39 	0.009999999999999787
902.0 	13.4 	0.009999999999999787
903.0 	13.42 	0.019999999999999574
904.0 	13.43 	0.009999999999999787
905.0 	13.44 	0.009999999999999787
906.0 	13.45 	0.009999999999999787
907.0 	13.46 	0.010000000000001563
908.0 	13.47 	0.009999999999999787
909.0 	13.48 	0.009999999999999787
910.0 	13.49 	0.009999999999999787
911.0 	13.5 	0.009999999999999787
912.0 	13.51 	0.009999999999999787
913.0 	13.52 	0.009999999999999787
914.0 	13.53 	0.009999999999999787
915.0 	13.54 	0.009999999999999787
916.0 	13.55 	0.010000000000001563
917.0 	13.56 	0.009999999999999787
918.0 	13.57 	0.009999999999999787
919.0 	13.58 	0.009999999999999787
920.0 	13.59 	0.009999999999999787
921.0 	13.6 	0.009999999999999787
922.0 	13.61 	0.009999999999999787
923.0 	13.62 	0.009999999999999787
924.0 	13.63 	0.010000000000001563
925.0 	13.64 	0.009999999999999787
926.0 	13.65 	0.009999999999999787
927.0 	13.66 	0.009999999999999787
928.0 	13.67 	0.009999999999999787
929.0 	13.68 	0.009999999999999787
930.0 	13.69 	0.009999999999999787
931.0 	13.7 	0.009999999999999787
932.0 	13.71 	0.010000000000001563
933.0 	13.72 	0.009999999999999787
934.0 	13.73 	0.009999999999999787
935.0 	13.74 	0.009999999999999787
936.0 	13.75 	0.009999999999999787
937.0 	13.76 	0.009999999999999787
938.0 	13.77 	0.009999999999999787
939.0 	13.78 	0.009999999999999787
940.0 	13.79 	0.009999999999999787
941.0 	13.8 	0.010000000000001563
942.0 	13.81 	0.009999999999999787
943.0 	13.82 	0.009999999999999787
944.0 	13.83 	0.009999999999999787
945.0 	13.84 	0.009999999999999787
946.0 	13.85 	0.009999999999999787
947.0 	13.86 	0.009999999999999787
948.0 	13.87 	0.009999999999999787
949.0 	13.88 	0.010000000000001563
950.0 	13.89 	0.009999999999999787
951.0 	13.9 	0.009999999999999787
952.0 	13.91 	0.009999999999999787
953.0 	13.92 	0.009999999999999787
954.0 	13.92 	0.0
955.0 	13.93 	0.009999999999999787
956.0 	13.94 	0.009999999999999787
957.0 	13.96 	0.02000000000000135
958.0 	13.97 	0.009999999999999787
959.0 	13.98 	0.009999999999999787
960.0 	13.99 	0.009999999999999787
961.0 	13.99 	0.0
962.0 	14.01 	0.019999999999999574
963.0 	14.02 	0.009999999999999787
964.0 	14.03 	0.009999999999999787
965.0 	14.04 	0.009999999999999787
966.0 	14.05 	0.010000000000001563
967.0 	14.06 	0.009999999999999787
968.0 	14.07 	0.009999999999999787
969.0 	14.08 	0.009999999999999787
970.0 	14.09 	0.009999999999999787
971.0 	14.09 	0.0
972.0 	14.1 	0.009999999999999787
973.0 	14.12 	0.019999999999999574
974.0 	14.13 	0.010000000000001563
975.0 	14.13 	0.0
976.0 	14.14 	0.009999999999999787
977.0 	14.15 	0.009999999999999787
978.0 	14.17 	0.019999999999999574
979.0 	14.18 	0.009999999999999787
980.0 	14.19 	0.009999999999999787
981.0 	14.2 	0.009999999999999787
982.0 	14.21 	0.010000000000001563
983.0 	14.22 	0.009999999999999787
984.0 	14.23 	0.009999999999999787
985.0 	14.24 	0.009999999999999787
986.0 	14.24 	0.0
987.0 	14.25 	0.009999999999999787
988.0 	14.27 	0.019999999999999574
989.0 	14.27 	0.0
990.0 	14.28 	0.009999999999999787
991.0 	14.29 	0.009999999999999787
992.0 	14.3 	0.010000000000001563
993.0 	14.31 	0.009999999999999787
994.0 	14.32 	0.009999999999999787
995.0 	14.33 	0.009999999999999787
996.0 	14.34 	0.009999999999999787
997.0 	14.35 	0.009999999999999787
998.0 	14.36 	0.009999999999999787
999.0 	14.37 	0.009999999999999787
1000.0 	14.37 	0.0
1001.0 	14.38 	0.010000000000001563
1002.0 	14.39 	0.009999999999999787
1003.0 	14.41 	0.019999999999999574
1004.0 	14.41 	0.0
1005.0 	14.42 	0.009999999999999787
1006.0 	14.43 	0.009999999999999787
1007.0 	14.44 	0.009999999999999787
1008.0 	14.45 	0.009999999999999787
1009.0 	14.46 	0.010000000000001563
1010.0 	14.47 	0.009999999999999787
1011.0 	14.49 	0.019999999999999574
1012.0 	14.5 	0.009999999999999787
1013.0 	14.5 	0.0
1014.0 	14.51 	0.009999999999999787
1015.0 	14.53 	0.019999999999999574
1016.0 	14.54 	0.009999999999999787
1017.0 	14.55 	0.010000000000001563
1018.0 	14.55 	0.0
1019.0 	14.56 	0.009999999999999787
1020.0 	14.57 	0.009999999999999787
1021.0 	14.58 	0.009999999999999787
1022.0 	14.59 	0.009999999999999787
1023.0 	14.6 	0.009999999999999787
1024.0 	14.61 	0.009999999999999787
1025.0 	14.62 	0.009999999999999787
1026.0 	14.63 	0.010000000000001563
1027.0 	14.63 	0.0
1028.0 	14.65 	0.019999999999999574
1029.0 	14.66 	0.009999999999999787
1030.0 	14.67 	0.009999999999999787
1031.0 	14.68 	0.009999999999999787
1032.0 	14.69 	0.009999999999999787
1033.0 	14.7 	0.009999999999999787
1034.0 	14.71 	0.010000000000001563
1035.0 	14.72 	0.009999999999999787
1036.0 	14.73 	0.009999999999999787
1037.0 	14.74 	0.009999999999999787
1038.0 	14.75 	0.009999999999999787
1039.0 	14.76 	0.009999999999999787
1040.0 	14.77 	0.009999999999999787
1041.0 	14.78 	0.009999999999999787
1042.0 	14.79 	0.009999999999999787
1043.0 	14.8 	0.010000000000001563
1044.0 	14.81 	0.009999999999999787
1045.0 	14.83 	0.019999999999999574
1046.0 	14.84 	0.009999999999999787
1047.0 	14.85 	0.009999999999999787
1048.0 	14.86 	0.009999999999999787
1049.0 	14.87 	0.009999999999999787
1050.0 	14.88 	0.010000000000001563
1051.0 	14.88 	0.0
1052.0 	14.89 	0.009999999999999787
1053.0 	14.9 	0.009999999999999787
1054.0 	14.91 	0.009999999999999787
1055.0 	14.92 	0.009999999999999787
1056.0 	14.93 	0.009999999999999787
1057.0 	14.94 	0.009999999999999787
1058.0 	14.95 	0.009999999999999787
1059.0 	14.96 	0.010000000000001563
1060.0 	14.97 	0.009999999999999787
1061.0 	14.98 	0.009999999999999787
1062.0 	14.99 	0.009999999999999787
1063.0 	15.0 	0.009999999999999787
1064.0 	15.01 	0.009999999999999787
1065.0 	15.02 	0.009999999999999787
1066.0 	15.03 	0.009999999999999787
1067.0 	15.04 	0.009999999999999787
1068.0 	15.05 	0.010000000000001563
1069.0 	15.06 	0.009999999999999787
1070.0 	15.07 	0.009999999999999787
1071.0 	15.08 	0.009999999999999787
1072.0 	15.09 	0.009999999999999787
1073.0 	15.1 	0.009999999999999787
1074.0 	15.1 	0.0
1075.0 	15.12 	0.019999999999999574
1076.0 	15.13 	0.010000000000001563
1077.0 	15.14 	0.009999999999999787
1078.0 	15.14 	0.0
1079.0 	15.16 	0.019999999999999574
1080.0 	15.17 	0.009999999999999787
1081.0 	15.18 	0.009999999999999787
1082.0 	15.19 	0.009999999999999787
1083.0 	15.2 	0.009999999999999787
1084.0 	15.21 	0.010000000000001563
1085.0 	15.22 	0.009999999999999787
1086.0 	15.23 	0.009999999999999787
1087.0 	15.23 	0.0
1088.0 	15.24 	0.009999999999999787
1089.0 	15.26 	0.019999999999999574
1090.0 	15.27 	0.009999999999999787
1091.0 	15.27 	0.0
1092.0 	15.28 	0.009999999999999787
1093.0 	15.29 	0.009999999999999787
1094.0 	15.3 	0.010000000000001563
1095.0 	15.31 	0.009999999999999787
1096.0 	15.32 	0.009999999999999787
1097.0 	15.33 	0.009999999999999787
1098.0 	15.34 	0.009999999999999787
1099.0 	15.35 	0.009999999999999787
1100.0 	15.36 	0.009999999999999787
1101.0 	15.37 	0.009999999999999787
1102.0 	15.38 	0.010000000000001563
1103.0 	15.39 	0.009999999999999787
1104.0 	15.4 	0.009999999999999787
1105.0 	15.41 	0.009999999999999787
1106.0 	15.42 	0.009999999999999787
1107.0 	15.43 	0.009999999999999787
1108.0 	15.44 	0.009999999999999787
1109.0 	15.45 	0.009999999999999787
1110.0 	15.46 	0.010000000000001563
1111.0 	15.47 	0.009999999999999787
1112.0 	15.48 	0.009999999999999787
1113.0 	15.49 	0.009999999999999787
1114.0 	15.5 	0.009999999999999787
1115.0 	15.51 	0.009999999999999787
1116.0 	15.52 	0.009999999999999787
1117.0 	15.53 	0.009999999999999787
1118.0 	15.54 	0.009999999999999787
1119.0 	15.55 	0.010000000000001563
1120.0 	15.56 	0.009999999999999787
1121.0 	15.57 	0.009999999999999787
1122.0 	15.58 	0.009999999999999787
1123.0 	15.59 	0.009999999999999787
1124.0 	15.6 	0.009999999999999787
1125.0 	15.61 	0.009999999999999787
1126.0 	15.62 	0.009999999999999787
1127.0 	15.63 	0.010000000000001563
1128.0 	15.64 	0.009999999999999787
1129.0 	15.65 	0.009999999999999787
1130.0 	15.66 	0.009999999999999787
1131.0 	15.67 	0.009999999999999787
1132.0 	15.68 	0.009999999999999787
1133.0 	15.69 	0.009999999999999787
1134.0 	15.7 	0.009999999999999787
1135.0 	15.71 	0.010000000000001563
1136.0 	15.72 	0.009999999999999787
1137.0 	15.73 	0.009999999999999787
1138.0 	15.73 	0.0
1139.0 	15.74 	0.009999999999999787
1140.0 	15.76 	0.019999999999999574
1141.0 	15.77 	0.009999999999999787
1142.0 	15.78 	0.009999999999999787
1143.0 	15.79 	0.009999999999999787
1144.0 	15.8 	0.010000000000001563
1145.0 	15.81 	0.009999999999999787
1146.0 	15.82 	0.009999999999999787
1147.0 	15.82 	0.0
1148.0 	15.83 	0.009999999999999787
1149.0 	15.84 	0.009999999999999787
1150.0 	15.85 	0.009999999999999787
1151.0 	15.86 	0.009999999999999787
1152.0 	15.87 	0.009999999999999787
1153.0 	15.89 	0.02000000000000135
1154.0 	15.9 	0.009999999999999787
1155.0 	15.91 	0.009999999999999787
1156.0 	15.92 	0.009999999999999787
1157.0 	15.93 	0.009999999999999787
1158.0 	15.94 	0.009999999999999787
1159.0 	15.95 	0.009999999999999787
1160.0 	15.95 	0.0
1161.0 	15.96 	0.010000000000001563
1162.0 	15.97 	0.009999999999999787
1163.0 	15.98 	0.009999999999999787
1164.0 	15.99 	0.009999999999999787
1165.0 	16.0 	0.009999999999999787
1166.0 	16.01 	0.010000000000001563
1167.0 	16.02 	0.00999999999999801
1168.0 	16.03 	0.010000000000001563
1169.0 	16.04 	0.00999999999999801
1170.0 	16.05 	0.010000000000001563
1171.0 	16.06 	0.00999999999999801
1172.0 	16.07 	0.010000000000001563
1173.0 	16.08 	0.00999999999999801
1174.0 	16.08 	0.0
1175.0 	16.1 	0.020000000000003126
1176.0 	16.11 	0.00999999999999801
1177.0 	16.12 	0.010000000000001563
1178.0 	16.13 	0.00999999999999801
1179.0 	16.14 	0.010000000000001563
1180.0 	16.15 	0.00999999999999801
1181.0 	16.15 	0.0
1182.0 	16.16 	0.010000000000001563
1183.0 	16.18 	0.019999999999999574
1184.0 	16.19 	0.010000000000001563
1185.0 	16.19 	0.0
1186.0 	16.2 	0.00999999999999801
1187.0 	16.21 	0.010000000000001563
1188.0 	16.22 	0.00999999999999801
1189.0 	16.23 	0.010000000000001563
1190.0 	16.24 	0.00999999999999801
1191.0 	16.25 	0.010000000000001563
1192.0 	16.26 	0.010000000000001563
1193.0 	16.27 	0.00999999999999801
1194.0 	16.28 	0.010000000000001563
1195.0 	16.29 	0.00999999999999801
1196.0 	16.3 	0.010000000000001563
1197.0 	16.31 	0.00999999999999801
1198.0 	16.32 	0.010000000000001563
1199.0 	16.33 	0.00999999999999801
1200.0 	16.34 	0.010000000000001563
1201.0 	16.35 	0.010000000000001563
1202.0 	16.36 	0.00999999999999801
1203.0 	16.37 	0.010000000000001563
1204.0 	16.38 	0.00999999999999801
1205.0 	16.38 	0.0
1206.0 	16.4 	0.019999999999999574
1207.0 	16.41 	0.010000000000001563
1208.0 	16.42 	0.010000000000001563
1209.0 	16.43 	0.00999999999999801
1210.0 	16.44 	0.010000000000001563
1211.0 	16.45 	0.00999999999999801
1212.0 	16.46 	0.010000000000001563
1213.0 	16.47 	0.00999999999999801
1214.0 	16.48 	0.010000000000001563
1215.0 	16.49 	0.00999999999999801
1216.0 	16.5 	0.010000000000001563
1217.0 	16.51 	0.010000000000001563
1218.0 	16.52 	0.00999999999999801
1219.0 	16.53 	0.010000000000001563
1220.0 	16.54 	0.00999999999999801
1221.0 	16.55 	0.010000000000001563
1222.0 	16.56 	0.00999999999999801
1223.0 	16.57 	0.010000000000001563
1224.0 	16.57 	0.0
1225.0 	16.58 	0.00999999999999801
1226.0 	16.59 	0.010000000000001563
1227.0 	16.6 	0.010000000000001563
1228.0 	16.61 	0.00999999999999801
1229.0 	16.62 	0.010000000000001563
1230.0 	16.64 	0.019999999999999574
1231.0 	16.64 	0.0
1232.0 	16.65 	0.00999999999999801
1233.0 	16.66 	0.010000000000001563
1234.0 	16.67 	0.010000000000001563
1235.0 	16.68 	0.00999999999999801
1236.0 	16.69 	0.010000000000001563
1237.0 	16.7 	0.00999999999999801
1238.0 	16.7 	0.0
1239.0 	16.71 	0.010000000000001563
1240.0 	16.72 	0.00999999999999801
1241.0 	16.73 	0.010000000000001563
1242.0 	16.74 	0.00999999999999801
1243.0 	16.75 	0.010000000000001563
1244.0 	16.76 	0.010000000000001563
1245.0 	16.77 	0.00999999999999801
1246.0 	16.78 	0.010000000000001563
1247.0 	16.79 	0.00999999999999801
1248.0 	16.8 	0.010000000000001563
1249.0 	16.8 	0.0
1250.0 	16.81 	0.00999999999999801
1251.0 	16.82 	0.010000000000001563
1252.0 	16.84 	0.019999999999999574
1253.0 	16.85 	0.010000000000001563
1254.0 	16.85 	0.0
1255.0 	16.87 	0.019999999999999574
1256.0 	16.87 	0.0
1257.0 	16.88 	0.00999999999999801
1258.0 	16.89 	0.010000000000001563
1259.0 	16.9 	0.00999999999999801
1260.0 	16.91 	0.010000000000001563
1261.0 	16.92 	0.010000000000001563
1262.0 	16.93 	0.00999999999999801
