# time 	Initial 	Final 	Iterations
1.0 	1 	0.00943293 	76
2.0 	0.0810801 	0.000715092 	44
3.0 	0.0217339 	0.00018991 	44
4.0 	0.0220501 	0.000218624 	52
5.0 	0.0224007 	0.000208284 	52
6.0 	0.020893 	0.000197971 	54
7.0 	0.0176125 	0.000171974 	56
8.0 	0.0118239 	0.000107381 	64
9.0 	0.0120223 	0.000115028 	58
10.0 	0.00841505 	7.83795e-05 	60
11.0 	0.00769985 	7.52797e-05 	56
12.0 	0.006025 	5.66782e-05 	60
13.0 	0.00481418 	4.36042e-05 	64
14.0 	0.00564208 	5.51831e-05 	66
15.0 	0.00429689 	4.09911e-05 	66
16.0 	0.00553335 	4.99361e-05 	66
17.0 	0.00635346 	6.16242e-05 	60
18.0 	0.00594831 	5.63959e-05 	62
19.0 	0.00534831 	5.13767e-05 	64
20.0 	0.00436255 	4.16221e-05 	64
21.0 	0.00481259 	4.2659e-05 	66
22.0 	0.00419282 	3.98563e-05 	68
23.0 	0.00388335 	3.5635e-05 	68
24.0 	0.00367749 	3.4867e-05 	68
25.0 	0.00378254 	3.38473e-05 	68
26.0 	0.00347698 	3.19996e-05 	68
27.0 	0.00359101 	3.1352e-05 	68
28.0 	0.00351359 	3.24703e-05 	66
29.0 	0.00355962 	3.50908e-05 	64
30.0 	0.00351301 	3.42972e-05 	66
31.0 	0.00351695 	3.17542e-05 	66
32.0 	0.00350401 	3.28484e-05 	66
33.0 	0.00338138 	3.26398e-05 	66
34.0 	0.00333298 	3.23545e-05 	66
35.0 	0.00332511 	3.30139e-05 	66
36.0 	0.00327583 	2.96924e-05 	68
37.0 	0.00323338 	3.19105e-05 	66
38.0 	0.00318217 	2.83096e-05 	68
39.0 	0.00312865 	3.12663e-05 	66
40.0 	0.0031029 	3.07869e-05 	66
41.0 	0.00306962 	3.01864e-05 	66
42.0 	0.00303456 	2.67528e-05 	68
43.0 	0.0029869 	2.59462e-05 	68
44.0 	0.00295463 	2.57203e-05 	68
45.0 	0.00291161 	2.55452e-05 	68
46.0 	0.00288158 	2.57996e-05 	68
47.0 	0.0028528 	2.61367e-05 	68
48.0 	0.00280663 	2.62501e-05 	68
49.0 	0.00275634 	2.61972e-05 	68
50.0 	0.00273327 	2.6545e-05 	68
51.0 	0.00267623 	2.62944e-05 	68
52.0 	0.00264197 	2.33741e-05 	70
53.0 	0.00259912 	2.3245e-05 	70
54.0 	0.00255557 	2.29687e-05 	70
55.0 	0.00251366 	2.30234e-05 	70
56.0 	0.00246765 	2.29155e-05 	70
57.0 	0.00242597 	2.28889e-05 	70
58.0 	0.0023844 	2.25712e-05 	70
59.0 	0.002346 	2.25024e-05 	70
60.0 	0.00230355 	2.24132e-05 	70
61.0 	0.00226744 	2.22856e-05 	70
62.0 	0.00223311 	2.22811e-05 	70
63.0 	0.00219755 	2.02603e-05 	72
64.0 	0.00216144 	2.0251e-05 	72
65.0 	0.00212801 	2.021e-05 	72
66.0 	0.00209406 	2.02118e-05 	72
67.0 	0.00206 	2.02694e-05 	72
68.0 	0.00203039 	1.8802e-05 	74
69.0 	0.00199933 	1.88585e-05 	74
70.0 	0.00196798 	1.89242e-05 	74
71.0 	0.00193618 	1.90126e-05 	74
72.0 	0.00190452 	1.78025e-05 	76
73.0 	0.00187566 	1.78451e-05 	76
74.0 	0.00184809 	1.79433e-05 	76
75.0 	0.00182053 	1.7967e-05 	76
76.0 	0.00179197 	1.65756e-05 	78
77.0 	0.00176444 	1.65819e-05 	78
78.0 	0.00173637 	1.65412e-05 	78
79.0 	0.00171071 	1.65681e-05 	78
80.0 	0.00168609 	1.65874e-05 	78
81.0 	0.00165843 	1.52802e-05 	80
82.0 	0.0016333 	1.53206e-05 	80
83.0 	0.00160772 	1.53937e-05 	80
84.0 	0.00158226 	1.55263e-05 	80
85.0 	0.00155794 	1.43905e-05 	82
86.0 	0.00153312 	1.44785e-05 	82
87.0 	0.00151033 	1.46138e-05 	82
88.0 	0.0014881 	1.48037e-05 	82
89.0 	0.00146581 	1.3782e-05 	84
90.0 	0.00144295 	1.39241e-05 	84
91.0 	0.00142079 	1.4089e-05 	84
92.0 	0.0013992 	1.30098e-05 	86
93.0 	0.00137782 	1.3131e-05 	86
94.0 	0.00135966 	1.33448e-05 	86
95.0 	0.00133896 	1.23944e-05 	88
96.0 	0.00131778 	1.25858e-05 	88
97.0 	0.00129837 	1.27826e-05 	88
98.0 	0.00127838 	1.18312e-05 	90
99.0 	0.00125827 	1.20442e-05 	90
100.0 	0.00123834 	1.22791e-05 	90
101.0 	0.00121922 	1.13909e-05 	92
102.0 	0.00120173 	1.16049e-05 	92
103.0 	0.00118361 	1.07822e-05 	94
104.0 	0.00116543 	1.10071e-05 	94
105.0 	0.00114758 	1.12612e-05 	94
106.0 	0.0011315 	1.04567e-05 	96
107.0 	0.00111674 	1.06738e-05 	96
108.0 	0.00110238 	1.08641e-05 	96
109.0 	0.00108756 	1.00649e-05 	98
110.0 	0.00107573 	1.02645e-05 	98
111.0 	0.00106249 	1.04969e-05 	98
112.0 	0.00105027 	9.76637e-06 	100
113.0 	0.00104001 	1.00071e-05 	100
114.0 	0.00102946 	1.02529e-05 	100
115.0 	0.00101837 	9.52359e-06 	102
116.0 	0.00100763 	9.74429e-06 	102
117.0 	0.000996637 	9.98595e-06 	102
118.0 	0.00098438 	9.29494e-06 	104
119.0 	0.000977638 	9.51825e-06 	104
120.0 	0.000968009 	9.74729e-06 	104
121.0 	0.000960202 	9.98281e-06 	104
122.0 	0.000951987 	9.34254e-06 	106
123.0 	0.000943032 	9.57928e-06 	106
124.0 	0.000934226 	9.77608e-06 	106
125.0 	0.000926585 	9.96512e-06 	106
126.0 	0.000919065 	9.24243e-06 	108
127.0 	0.000907576 	9.45332e-06 	108
128.0 	0.000902849 	9.65192e-06 	108
129.0 	0.000896875 	9.83513e-06 	108
130.0 	0.000891119 	9.18311e-06 	110
131.0 	0.000884216 	9.37887e-06 	110
132.0 	0.000877776 	9.57651e-06 	110
133.0 	0.00087073 	9.77503e-06 	110
134.0 	0.000862062 	9.96801e-06 	110
135.0 	0.000855646 	9.35694e-06 	112
136.0 	0.00084928 	9.56398e-06 	112
137.0 	0.000844532 	9.75877e-06 	112
138.0 	0.000839221 	9.93642e-06 	112
139.0 	0.000833966 	9.33572e-06 	114
140.0 	0.000827852 	9.48592e-06 	114
141.0 	0.000823222 	9.65705e-06 	114
142.0 	0.000817815 	9.82328e-06 	114
143.0 	0.000813062 	9.98471e-06 	114
144.0 	0.000808568 	9.40898e-06 	116
145.0 	0.000805465 	9.55134e-06 	116
146.0 	0.000801636 	9.696e-06 	116
147.0 	0.000796755 	9.86524e-06 	116
148.0 	0.000793369 	9.39859e-06 	118
149.0 	0.000789299 	9.38131e-06 	118
150.0 	0.000784478 	9.52298e-06 	118
151.0 	0.000780745 	9.72459e-06 	118
152.0 	0.000776475 	9.89419e-06 	118
153.0 	0.000772842 	9.44486e-06 	120
154.0 	0.000769069 	9.59546e-06 	120
155.0 	0.000764833 	9.74829e-06 	120
156.0 	0.000761359 	9.89724e-06 	120
157.0 	0.000757617 	9.47529e-06 	122
158.0 	0.000753796 	9.56195e-06 	122
159.0 	0.000749729 	9.71643e-06 	122
160.0 	0.000746305 	9.88897e-06 	122
161.0 	0.000743904 	9.54282e-06 	124
162.0 	0.000741262 	9.69451e-06 	124
163.0 	0.000737251 	9.86822e-06 	124
164.0 	0.000733951 	9.58732e-06 	126
165.0 	0.000731759 	9.74619e-06 	126
166.0 	0.000730119 	9.90381e-06 	126
167.0 	0.000726994 	9.63558e-06 	128
168.0 	0.000724176 	9.76748e-06 	128
169.0 	0.000720677 	9.92449e-06 	128
170.0 	0.000717285 	9.69475e-06 	130
171.0 	0.000714422 	9.79054e-06 	130
172.0 	0.000711101 	9.90951e-06 	130
173.0 	0.000708275 	9.67008e-06 	132
174.0 	0.000705772 	9.7593e-06 	132
175.0 	0.000703069 	9.90267e-06 	132
176.0 	0.00070049 	9.66954e-06 	134
177.0 	0.000697933 	9.7685e-06 	134
178.0 	0.000693966 	9.90302e-06 	134
179.0 	0.000691352 	9.68293e-06 	136
180.0 	0.000689093 	9.72333e-06 	136
181.0 	0.000686362 	9.79144e-06 	136
182.0 	0.000684222 	9.81437e-06 	136
183.0 	0.000680931 	9.88081e-06 	136
184.0 	0.000677509 	9.95458e-06 	136
185.0 	0.000674397 	9.73212e-06 	138
186.0 	0.000673243 	9.76459e-06 	138
187.0 	0.000670743 	9.8256e-06 	138
188.0 	0.000668 	9.84115e-06 	138
189.0 	0.000665212 	9.86886e-06 	138
190.0 	0.000662497 	9.87161e-06 	138
191.0 	0.000659524 	9.89835e-06 	138
192.0 	0.000656516 	9.91761e-06 	138
193.0 	0.000653501 	9.95793e-06 	138
194.0 	0.000650632 	9.96642e-06 	138
195.0 	0.000647783 	9.88546e-06 	138
196.0 	0.000645024 	9.88331e-06 	138
197.0 	0.000642041 	9.88773e-06 	138
198.0 	0.000638555 	9.88966e-06 	138
199.0 	0.000634904 	9.88905e-06 	138
200.0 	0.0006317 	9.81882e-06 	138
201.0 	0.000629322 	9.80153e-06 	138
202.0 	0.000627212 	9.80082e-06 	138
203.0 	0.000624173 	9.7699e-06 	138
204.0 	0.000621034 	9.99537e-06 	136
205.0 	0.000617763 	9.78295e-06 	138
206.0 	0.00061491 	9.91591e-06 	136
207.0 	0.000611798 	9.94994e-06 	136
208.0 	0.000608574 	9.97129e-06 	136
209.0 	0.000605505 	9.91542e-06 	136
210.0 	0.000602383 	9.89632e-06 	136
211.0 	0.000599326 	9.89434e-06 	136
212.0 	0.000596201 	9.89693e-06 	136
213.0 	0.000593061 	9.86455e-06 	136
214.0 	0.000589818 	9.81817e-06 	136
215.0 	0.000586187 	9.8224e-06 	136
216.0 	0.000582072 	9.84353e-06 	136
217.0 	0.000578784 	9.86027e-06 	136
218.0 	0.000575918 	9.86431e-06 	136
219.0 	0.000572475 	9.99741e-06 	134
220.0 	0.000568859 	9.84915e-06 	136
221.0 	0.00056579 	9.97635e-06 	134
222.0 	0.000562247 	9.99816e-06 	134
223.0 	0.000558423 	9.81404e-06 	136
224.0 	0.000554562 	9.92736e-06 	134
225.0 	0.000550514 	9.82561e-06 	134
226.0 	0.000546323 	9.96839e-06 	132
227.0 	0.000542215 	9.82686e-06 	134
228.0 	0.00053819 	9.9462e-06 	132
229.0 	0.000533666 	9.91004e-06 	132
230.0 	0.000528102 	9.95998e-06 	132
231.0 	0.000525544 	9.89773e-06 	134
232.0 	0.000515966 	9.89192e-06 	130
233.0 	0.00051376 	9.83549e-06 	132
234.0 	0.000509005 	9.92619e-06 	130
235.0 	0.000505412 	9.97622e-06 	130
236.0 	0.000497369 	9.88555e-06 	128
237.0 	0.000494266 	9.93491e-06 	128
238.0 	0.000489179 	9.98139e-06 	126
239.0 	0.000483925 	9.90138e-06 	126
240.0 	0.000478482 	9.97251e-06 	124
241.0 	0.000473519 	9.8628e-06 	124
242.0 	0.000468329 	9.92192e-06 	122
243.0 	0.000462664 	9.89056e-06 	122
244.0 	0.000457519 	9.86342e-06 	120
245.0 	0.000451944 	9.89427e-06 	118
246.0 	0.000446518 	9.98534e-06 	116
247.0 	0.000440981 	9.93715e-06 	116
248.0 	0.000435177 	9.9288e-06 	114
249.0 	0.000429594 	9.95855e-06 	112
250.0 	0.000423913 	9.85516e-06 	112
251.0 	0.000418073 	9.88992e-06 	110
252.0 	0.000413315 	9.99593e-06 	108
253.0 	0.000408943 	9.94198e-06 	108
254.0 	0.000403035 	9.99587e-06 	106
255.0 	0.000397188 	9.89244e-06 	106
256.0 	0.000391326 	9.90725e-06 	104
257.0 	0.000385517 	9.87187e-06 	102
258.0 	0.000379654 	9.81281e-06 	100
259.0 	0.000373678 	9.98187e-06 	96
260.0 	0.000367538 	9.79638e-06 	96
261.0 	0.000361649 	9.99659e-06 	92
262.0 	0.000356002 	9.78738e-06 	92
263.0 	0.00034986 	9.7967e-06 	90
264.0 	0.000343579 	9.80473e-06 	88
265.0 	0.000337956 	9.85635e-06 	86
266.0 	0.000332065 	9.93893e-06 	84
267.0 	0.000326429 	9.68828e-06 	84
268.0 	0.000320777 	9.73916e-06 	82
269.0 	0.000315265 	9.83864e-06 	80
270.0 	0.000309604 	9.9783e-06 	78
271.0 	0.000304276 	9.70676e-06 	78
272.0 	0.00029889 	9.82055e-06 	76
273.0 	0.000293444 	9.9657e-06 	74
274.0 	0.000287929 	9.6293e-06 	74
275.0 	0.000283677 	9.74412e-06 	72
276.0 	0.000279129 	9.91156e-06 	70
277.0 	0.00027426 	9.54772e-06 	70
278.0 	0.000269463 	9.69526e-06 	68
279.0 	0.000264491 	9.87561e-06 	66
280.0 	0.000259341 	9.43912e-06 	66
281.0 	0.000254803 	9.57948e-06 	64
282.0 	0.000250137 	9.75757e-06 	62
283.0 	0.000245623 	9.94418e-06 	60
284.0 	0.000240968 	9.45791e-06 	60
285.0 	0.000237018 	9.73719e-06 	58
286.0 	0.000233014 	9.54772e-06 	58
287.0 	0.000229038 	9.42526e-06 	58
288.0 	0.000225218 	9.40097e-06 	58
289.0 	0.000221493 	9.44422e-06 	58
290.0 	0.000217834 	9.54866e-06 	58
291.0 	0.000214418 	9.68984e-06 	58
292.0 	0.000211185 	9.85216e-06 	58
293.0 	0.000208076 	9.49541e-06 	60
294.0 	0.000205241 	9.62312e-06 	60
295.0 	0.000202103 	9.75579e-06 	60
296.0 	0.000199434 	9.85573e-06 	60
297.0 	0.000196739 	9.92679e-06 	60
298.0 	0.000194036 	9.96837e-06 	60
299.0 	0.000191531 	9.97647e-06 	60
300.0 	0.000189025 	9.95174e-06 	60
301.0 	0.000186663 	9.89158e-06 	60
302.0 	0.000184255 	9.80094e-06 	60
303.0 	0.000181772 	9.67616e-06 	60
304.0 	0.00017956 	9.97627e-06 	58
305.0 	0.000177203 	9.83117e-06 	58
306.0 	0.000175137 	9.62696e-06 	58
307.0 	0.000173092 	9.86353e-06 	56
308.0 	0.000170721 	9.65559e-06 	56
309.0 	0.000168949 	9.88645e-06 	54
310.0 	0.000166951 	9.67371e-06 	54
311.0 	0.000165144 	9.91121e-06 	52
312.0 	0.000163274 	9.70737e-06 	52
313.0 	0.000161531 	9.96263e-06 	50
314.0 	0.000159802 	9.7909e-06 	50
315.0 	0.000158243 	9.56007e-06 	50
316.0 	0.000156735 	9.86307e-06 	48
317.0 	0.000155095 	9.75856e-06 	48
318.0 	0.000153603 	9.58363e-06 	48
319.0 	0.000152172 	9.96249e-06 	46
320.0 	0.000150841 	9.9722e-06 	46
321.0 	0.000149509 	9.91129e-06 	46
322.0 	0.000148372 	9.86883e-06 	46
323.0 	0.000147162 	9.86302e-06 	46
324.0 	0.000146039 	9.87695e-06 	46
325.0 	0.000144969 	9.9082e-06 	46
326.0 	0.000143994 	9.96161e-06 	46
327.0 	0.000143077 	9.51816e-06 	48
328.0 	0.00014234 	9.98029e-06 	46
329.0 	0.000141389 	9.65333e-06 	48
330.0 	0.000140701 	9.60962e-06 	48
331.0 	0.000139844 	9.64851e-06 	48
332.0 	0.000139347 	9.69968e-06 	48
333.0 	0.000138601 	9.73333e-06 	48
334.0 	0.000137881 	9.75373e-06 	48
335.0 	0.000137209 	9.76185e-06 	48
336.0 	0.000136513 	9.73925e-06 	48
337.0 	0.000135844 	9.69191e-06 	48
338.0 	0.000135149 	9.62778e-06 	48
339.0 	0.00013439 	9.99268e-06 	46
340.0 	0.000133536 	9.55406e-06 	48
341.0 	0.000133021 	9.80581e-06 	46
342.0 	0.000132244 	9.7693e-06 	46
343.0 	0.000131631 	9.62965e-06 	46
344.0 	0.000131041 	9.92029e-06 	44
345.0 	0.0001303 	9.88318e-06 	44
346.0 	0.000129742 	9.74338e-06 	44
347.0 	0.00012914 	9.59211e-06 	44
348.0 	0.000128574 	9.89336e-06 	42
349.0 	0.00012784 	9.85999e-06 	42
350.0 	0.000127253 	9.70908e-06 	42
351.0 	0.000126673 	9.53951e-06 	42
352.0 	0.000126118 	9.84445e-06 	40
353.0 	0.000125402 	9.86656e-06 	40
354.0 	0.000124918 	9.7628e-06 	40
355.0 	0.00012441 	9.66669e-06 	40
356.0 	0.000123912 	9.58904e-06 	40
357.0 	0.000123451 	9.98544e-06 	38
358.0 	0.000122873 	9.67109e-06 	40
359.0 	0.000122632 	9.96706e-06 	38
360.0 	0.000122011 	9.70385e-06 	40
361.0 	0.000121917 	9.6564e-06 	40
362.0 	0.000121512 	9.78225e-06 	40
363.0 	0.000121132 	9.97266e-06 	40
364.0 	0.000120849 	9.7816e-06 	42
365.0 	0.000120523 	9.86938e-06 	42
366.0 	0.000120374 	9.69537e-06 	44
367.0 	0.00012004 	9.81535e-06 	44
368.0 	0.000119671 	9.62091e-06 	46
369.0 	0.000119245 	9.69755e-06 	46
370.0 	0.000119256 	9.86424e-06 	46
371.0 	0.000118603 	9.64032e-06 	48
372.0 	0.000118365 	9.69474e-06 	48
373.0 	0.000117704 	9.77177e-06 	48
374.0 	0.000117713 	9.8965e-06 	48
375.0 	0.000117066 	9.99705e-06 	48
376.0 	0.000116539 	9.74287e-06 	50
377.0 	0.000115954 	9.74939e-06 	50
378.0 	0.000115985 	9.84265e-06 	50
379.0 	0.00011525 	9.91824e-06 	50
380.0 	0.000114797 	9.67736e-06 	52
381.0 	0.000114344 	9.71106e-06 	52
382.0 	0.000113549 	9.75595e-06 	52
383.0 	0.000113658 	9.84242e-06 	52
384.0 	0.000112846 	9.88938e-06 	52
385.0 	0.000112311 	9.92671e-06 	52
386.0 	0.000111769 	9.95737e-06 	52
387.0 	0.0001109 	9.96035e-06 	52
388.0 	0.000110981 	9.69396e-06 	54
389.0 	0.000110165 	9.9504e-06 	52
390.0 	0.00010949 	9.98626e-06 	52
391.0 	0.000108885 	9.9968e-06 	52
392.0 	0.000107969 	9.97795e-06 	52
393.0 	0.000108013 	9.70029e-06 	54
394.0 	0.000107158 	9.92332e-06 	52
395.0 	0.000106445 	9.93087e-06 	52
396.0 	0.000105818 	9.91138e-06 	52
397.0 	0.000104867 	9.8619e-06 	52
398.0 	0.0001048 	9.85617e-06 	52
399.0 	0.000103837 	9.81437e-06 	52
400.0 	0.000103183 	9.76999e-06 	52
401.0 	0.000102537 	9.72261e-06 	52
402.0 	0.00010158 	9.94283e-06 	50
403.0 	0.000101488 	9.98341e-06 	50
404.0 	0.000100528 	9.95287e-06 	50
405.0 	9.99026e-05 	9.90866e-06 	50
406.0 	9.92752e-05 	9.85746e-06 	50
407.0 	9.83372e-05 	9.77612e-06 	50
408.0 	9.83225e-05 	9.7463e-06 	50
409.0 	9.73867e-05 	9.97004e-06 	48
410.0 	9.66787e-05 	9.96673e-06 	48
411.0 	9.57621e-05 	9.89889e-06 	48
412.0 	9.57574e-05 	9.87392e-06 	48
413.0 	9.48355e-05 	9.80814e-06 	48
414.0 	9.42003e-05 	9.73539e-06 	48
415.0 	9.3269e-05 	9.92691e-06 	46
416.0 	9.31779e-05 	9.95587e-06 	46
417.0 	9.22741e-05 	9.90041e-06 	46
418.0 	9.13617e-05 	9.80506e-06 	46
419.0 	9.13534e-05 	9.76107e-06 	46
420.0 	9.04407e-05 	9.97461e-06 	44
421.0 	8.94493e-05 	9.9456e-06 	44
422.0 	8.94482e-05 	9.92249e-06 	44
423.0 	8.82667e-05 	9.82615e-06 	44
424.0 	8.82472e-05 	9.77427e-06 	44
425.0 	8.73567e-05 	9.9892e-06 	42
426.0 	8.64021e-05 	9.96221e-06 	42
427.0 	8.61231e-05 	9.9114e-06 	42
428.0 	8.58614e-05 	9.86615e-06 	42
429.0 	8.49933e-05 	9.77569e-06 	42
430.0 	8.4115e-05 	9.96372e-06 	40
431.0 	8.37686e-05 	9.976e-06 	40
432.0 	8.35239e-05 	9.94351e-06 	40
433.0 	8.23991e-05 	9.83173e-06 	40
434.0 	8.24041e-05 	9.77136e-06 	40
435.0 	8.12836e-05 	9.96427e-06 	38
436.0 	8.09607e-05 	9.98494e-06 	38
437.0 	8.07371e-05 	9.95414e-06 	38
438.0 	7.96402e-05 	9.84113e-06 	38
439.0 	7.96588e-05 	9.77959e-06 	38
440.0 	7.85721e-05 	9.97456e-06 	36
441.0 	7.82935e-05 	9.678e-06 	38
442.0 	7.81051e-05 	9.84992e-06 	36
443.0 	7.70005e-05 	9.81881e-06 	36
444.0 	7.67714e-05 	9.75231e-06 	36
445.0 	7.65626e-05 	9.69531e-06 	36
446.0 	7.55128e-05 	9.89253e-06 	34
447.0 	7.52795e-05 	9.93742e-06 	34
448.0 	7.51064e-05 	9.91436e-06 	34
449.0 	7.40991e-05 	9.80127e-06 	34
450.0 	7.38723e-05 	9.71455e-06 	34
451.0 	7.34077e-05 	9.95303e-06 	32
452.0 	7.32434e-05 	9.70193e-06 	34
453.0 	7.22504e-05 	9.79547e-06 	32
454.0 	7.204e-05 	9.82247e-06 	32
455.0 	7.16175e-05 	9.76318e-06 	32
456.0 	7.14384e-05 	9.70821e-06 	32
457.0 	7.04823e-05 	9.91529e-06 	30
458.0 	7.03551e-05 	9.99412e-06 	30
459.0 	6.9982e-05 	9.9604e-06 	30
460.0 	6.95829e-05 	9.89146e-06 	30
461.0 	6.9427e-05 	9.83567e-06 	30
462.0 	6.8509e-05 	9.70622e-06 	30
463.0 	6.83171e-05 	9.95901e-06 	28
464.0 	6.80129e-05 	9.69417e-06 	30
465.0 	6.75573e-05 	9.82742e-06 	28
466.0 	6.72225e-05 	9.87784e-06 	28
467.0 	6.71148e-05 	9.863e-06 	28
468.0 	6.62476e-05 	9.75107e-06 	28
469.0 	6.60788e-05 	9.66186e-06 	28
470.0 	6.56978e-05 	9.96778e-06 	26
471.0 	6.54487e-05 	9.67874e-06 	28
472.0 	6.50136e-05 	9.85693e-06 	26
473.0 	6.47304e-05 	9.92166e-06 	26
474.0 	6.46672e-05 	9.91725e-06 	26
475.0 	6.38472e-05 	9.81543e-06 	26
476.0 	6.37195e-05 	9.73199e-06 	26
477.0 	6.33721e-05 	9.64355e-06 	26
478.0 	6.30258e-05 	9.55233e-06 	26
479.0 	6.26814e-05 	9.93541e-06 	24
480.0 	6.25028e-05 	9.57821e-06 	26
481.0 	6.23309e-05 	9.85671e-06 	24
482.0 	6.16432e-05 	9.89833e-06 	24
483.0 	6.15825e-05 	9.87271e-06 	24
484.0 	6.12963e-05 	9.81136e-06 	24
485.0 	6.09896e-05 	9.73637e-06 	24
486.0 	6.06769e-05 	9.65503e-06 	24
487.0 	6.03622e-05 	9.57014e-06 	24
488.0 	6.00491e-05 	9.4837e-06 	24
489.0 	5.97364e-05 	9.39638e-06 	24
490.0 	5.94238e-05 	9.93187e-06 	22
491.0 	5.93151e-05 	9.44665e-06 	24
492.0 	5.89181e-05 	9.84437e-06 	22
493.0 	5.87598e-05 	9.93208e-06 	22
494.0 	5.85504e-05 	9.92304e-06 	22
495.0 	5.83007e-05 	9.87325e-06 	22
496.0 	5.80332e-05 	9.80816e-06 	22
497.0 	5.77591e-05 	9.73659e-06 	22
498.0 	5.74839e-05 	9.66167e-06 	22
499.0 	5.7209e-05 	9.58497e-06 	22
500.0 	5.6935e-05 	9.50734e-06 	22
501.0 	5.66636e-05 	9.42929e-06 	22
502.0 	5.63953e-05 	9.35119e-06 	22
503.0 	5.61303e-05 	9.27327e-06 	22
504.0 	5.58679e-05 	9.19881e-06 	22
505.0 	5.5606e-05 	9.97531e-06 	20
506.0 	5.56529e-05 	9.28276e-06 	22
507.0 	5.51879e-05 	9.91834e-06 	20
508.0 	5.51769e-05 	9.18682e-06 	22
509.0 	5.4726e-05 	9.79678e-06 	20
510.0 	5.47093e-05 	9.89873e-06 	20
511.0 	5.45761e-05 	9.89976e-06 	20
512.0 	5.43911e-05 	9.86346e-06 	20
513.0 	5.41828e-05 	9.81286e-06 	20
514.0 	5.39654e-05 	9.75613e-06 	20
515.0 	5.37553e-05 	9.69683e-06 	20
516.0 	5.35363e-05 	9.63635e-06 	20
517.0 	5.33206e-05 	9.57671e-06 	20
518.0 	5.31062e-05 	9.51488e-06 	20
519.0 	5.2891e-05 	9.45412e-06 	20
520.0 	5.26787e-05 	9.39305e-06 	20
521.0 	5.24681e-05 	9.332e-06 	20
522.0 	5.22598e-05 	9.2712e-06 	20
523.0 	5.2053e-05 	9.21196e-06 	20
524.0 	5.18478e-05 	9.15435e-06 	20
525.0 	5.16441e-05 	9.09451e-06 	20
526.0 	5.14399e-05 	9.03697e-06 	20
527.0 	5.12397e-05 	8.97972e-06 	20
528.0 	5.10414e-05 	8.92305e-06 	20
529.0 	5.08451e-05 	9.95029e-06 	18
530.0 	5.11453e-05 	9.05237e-06 	20
531.0 	5.06036e-05 	9.93197e-06 	18
532.0 	5.0827e-05 	8.99868e-06 	20
533.0 	5.02602e-05 	9.85204e-06 	18
534.0 	5.04744e-05 	9.9911e-06 	18
535.0 	5.04157e-05 	8.9421e-06 	20
536.0 	4.97733e-05 	9.74213e-06 	18
537.0 	4.99641e-05 	9.86056e-06 	18
538.0 	4.98943e-05 	9.87384e-06 	18
539.0 	4.97657e-05 	9.8542e-06 	18
540.0 	4.96141e-05 	9.82144e-06 	18
541.0 	4.94527e-05 	9.78253e-06 	18
542.0 	4.92772e-05 	9.74123e-06 	18
543.0 	4.91118e-05 	9.69788e-06 	18
544.0 	4.8946e-05 	9.65286e-06 	18
545.0 	4.87808e-05 	9.60695e-06 	18
546.0 	4.86163e-05 	9.56065e-06 	18
547.0 	4.84531e-05 	9.5142e-06 	18
548.0 	4.82906e-05 	9.46751e-06 	18
549.0 	4.81291e-05 	9.42135e-06 	18
550.0 	4.79688e-05 	9.37545e-06 	18
551.0 	4.78098e-05 	9.32984e-06 	18
552.0 	4.76521e-05 	9.28458e-06 	18
553.0 	4.74956e-05 	9.23969e-06 	18
554.0 	4.73401e-05 	9.19519e-06 	18
555.0 	4.7174e-05 	9.15118e-06 	18
556.0 	4.69993e-05 	9.1075e-06 	18
557.0 	4.6846e-05 	9.06382e-06 	18
558.0 	4.66945e-05 	9.02055e-06 	18
559.0 	4.65442e-05 	8.97786e-06 	18
560.0 	4.63953e-05 	8.93569e-06 	18
561.0 	4.62476e-05 	8.89399e-06 	18
562.0 	4.61012e-05 	8.85272e-06 	18
563.0 	4.59632e-05 	8.81177e-06 	18
564.0 	4.58282e-05 	8.77113e-06 	18
565.0 	4.56851e-05 	8.73096e-06 	18
566.0 	4.55427e-05 	8.69121e-06 	18
567.0 	4.54011e-05 	9.97348e-06 	16
568.0 	4.61548e-05 	8.86443e-06 	18
569.0 	4.52962e-05 	9.9909e-06 	16
570.0 	4.59501e-05 	8.84504e-06 	18
571.0 	4.50596e-05 	9.94482e-06 	16
572.0 	4.5698e-05 	8.7933e-06 	18
573.0 	4.48009e-05 	9.88173e-06 	16
574.0 	4.54389e-05 	8.73021e-06 	18
575.0 	4.45382e-05 	9.81179e-06 	16
576.0 	4.51786e-05 	9.98139e-06 	16
577.0 	4.51934e-05 	8.70069e-06 	18
578.0 	4.42014e-05 	9.73885e-06 	16
579.0 	4.48165e-05 	9.89206e-06 	16
580.0 	4.48204e-05 	9.91958e-06 	16
581.0 	4.47426e-05 	9.91588e-06 	16
582.0 	4.46409e-05 	9.89927e-06 	16
583.0 	4.45283e-05 	9.87611e-06 	16
584.0 	4.44114e-05 	9.84886e-06 	16
585.0 	4.42925e-05 	9.81893e-06 	16
586.0 	4.41726e-05 	9.78727e-06 	16
587.0 	4.40521e-05 	9.75445e-06 	16
588.0 	4.39315e-05 	9.72096e-06 	16
589.0 	4.38114e-05 	9.68707e-06 	16
590.0 	4.36917e-05 	9.65293e-06 	16
591.0 	4.35729e-05 	9.61864e-06 	16
592.0 	4.34543e-05 	9.58427e-06 	16
593.0 	4.33362e-05 	9.54991e-06 	16
594.0 	4.32186e-05 	9.5161e-06 	16
595.0 	4.31018e-05 	9.48577e-06 	16
596.0 	4.29882e-05 	9.45498e-06 	16
597.0 	4.28744e-05 	9.42352e-06 	16
598.0 	4.27526e-05 	9.39123e-06 	16
599.0 	4.26426e-05 	9.35766e-06 	16
600.0 	4.25262e-05 	9.32394e-06 	16
601.0 	4.24129e-05 	9.29039e-06 	16
602.0 	4.23006e-05 	9.25713e-06 	16
603.0 	4.21893e-05 	9.22359e-06 	16
604.0 	4.20779e-05 	9.18973e-06 	16
605.0 	4.19666e-05 	9.15623e-06 	16
606.0 	4.18569e-05 	9.12316e-06 	16
607.0 	4.17485e-05 	9.09038e-06 	16
608.0 	4.16409e-05 	9.05784e-06 	16
609.0 	4.15338e-05 	9.02554e-06 	16
610.0 	4.14275e-05 	8.99356e-06 	16
611.0 	4.13215e-05 	8.96179e-06 	16
612.0 	4.12162e-05 	8.93015e-06 	16
613.0 	4.11116e-05 	8.89861e-06 	16
614.0 	4.10073e-05 	8.86639e-06 	16
615.0 	4.09027e-05 	8.8339e-06 	16
616.0 	4.07982e-05 	8.8015e-06 	16
617.0 	4.06937e-05 	8.77006e-06 	16
618.0 	4.05894e-05 	8.73967e-06 	16
619.0 	4.04857e-05 	8.70833e-06 	16
620.0 	4.03828e-05 	8.67724e-06 	16
621.0 	4.02806e-05 	8.64131e-06 	16
622.0 	4.01711e-05 	8.61145e-06 	16
623.0 	4.00715e-05 	8.58209e-06 	16
624.0 	3.99728e-05 	8.55276e-06 	16
625.0 	3.98745e-05 	8.52346e-06 	16
626.0 	3.97765e-05 	8.49419e-06 	16
627.0 	3.96788e-05 	8.46492e-06 	16
628.0 	3.95814e-05 	8.43573e-06 	16
629.0 	3.94848e-05 	9.98901e-06 	14
630.0 	4.07784e-05 	8.65037e-06 	16
631.0 	3.94377e-05 	8.44647e-06 	16
632.0 	3.92092e-05 	9.94372e-06 	14
633.0 	4.04608e-05 	8.58887e-06 	16
634.0 	3.91669e-05 	9.95256e-06 	14
635.0 	4.03238e-05 	8.56943e-06 	16
636.0 	3.90082e-05 	9.91597e-06 	14
637.0 	4.015e-05 	8.52908e-06 	16
638.0 	3.88301e-05 	9.86676e-06 	14
639.0 	3.99717e-05 	8.48017e-06 	16
640.0 	3.86513e-05 	9.81223e-06 	14
641.0 	3.97926e-05 	8.4276e-06 	16
642.0 	3.84722e-05 	9.74547e-06 	14
643.0 	3.96008e-05 	9.95298e-06 	14
644.0 	3.96908e-05 	8.41359e-06 	16
645.0 	3.82604e-05 	9.69846e-06 	14
646.0 	3.93637e-05 	9.89444e-06 	14
647.0 	3.94419e-05 	9.93997e-06 	14
648.0 	3.94162e-05 	9.95223e-06 	14
649.0 	3.93601e-05 	9.9503e-06 	14
650.0 	3.92902e-05 	9.94036e-06 	14
651.0 	3.92143e-05 	9.92504e-06 	14
652.0 	3.91355e-05 	9.90834e-06 	14
653.0 	3.90567e-05 	9.8908e-06 	14
654.0 	3.89779e-05 	9.87056e-06 	14
655.0 	3.88971e-05 	9.84809e-06 	14
656.0 	3.88149e-05 	9.82384e-06 	14
657.0 	3.87323e-05 	9.7985e-06 	14
658.0 	3.86491e-05 	9.77247e-06 	14
659.0 	3.85655e-05 	9.74597e-06 	14
660.0 	3.84817e-05 	9.71936e-06 	14
661.0 	3.83978e-05 	9.69255e-06 	14
662.0 	3.83144e-05 	9.66623e-06 	14
663.0 	3.82308e-05 	9.64207e-06 	14
664.0 	3.81475e-05 	9.61806e-06 	14
665.0 	3.80645e-05 	9.59341e-06 	14
666.0 	3.79818e-05 	9.56836e-06 	14
667.0 	3.7899e-05 	9.53936e-06 	14
668.0 	3.78126e-05 	9.51108e-06 	14
669.0 	3.77274e-05 	9.48337e-06 	14
670.0 	3.76429e-05 	9.45614e-06 	14
671.0 	3.75591e-05 	9.42902e-06 	14
672.0 	3.74758e-05 	9.39991e-06 	14
673.0 	3.73906e-05 	9.36945e-06 	14
674.0 	3.73016e-05 	9.34122e-06 	14
675.0 	3.72169e-05 	9.31482e-06 	14
676.0 	3.71348e-05 	9.28898e-06 	14
677.0 	3.70532e-05 	9.26344e-06 	14
678.0 	3.69717e-05 	9.23901e-06 	14
679.0 	3.68911e-05 	9.21869e-06 	14
680.0 	3.68138e-05 	9.19755e-06 	14
681.0 	3.67351e-05 	9.17573e-06 	14
682.0 	3.66556e-05 	9.15331e-06 	14
683.0 	3.65759e-05 	9.13056e-06 	14
684.0 	3.6496e-05 	9.10752e-06 	14
685.0 	3.6416e-05 	9.08431e-06 	14
686.0 	3.63361e-05 	9.06104e-06 	14
687.0 	3.62558e-05 	9.03775e-06 	14
688.0 	3.61755e-05 	9.0145e-06 	14
689.0 	3.60907e-05 	8.9881e-06 	14
690.0 	3.60113e-05 	8.96005e-06 	14
691.0 	3.59232e-05 	8.93671e-06 	14
692.0 	3.58425e-05 	8.91392e-06 	14
693.0 	3.57671e-05 	8.89233e-06 	14
694.0 	3.56827e-05 	8.85947e-06 	14
695.0 	3.55887e-05 	8.83608e-06 	14
696.0 	3.55087e-05 	8.81376e-06 	14
697.0 	3.54294e-05 	8.79164e-06 	14
698.0 	3.53457e-05 	8.76821e-06 	14
699.0 	3.52698e-05 	8.74792e-06 	14
700.0 	3.51961e-05 	8.72848e-06 	14
701.0 	3.51096e-05 	8.70454e-06 	14
702.0 	3.5037e-05 	8.68608e-06 	14
703.0 	3.49509e-05 	8.66236e-06 	14
704.0 	3.48738e-05 	8.64234e-06 	14
705.0 	3.47996e-05 	8.6232e-06 	14
706.0 	3.47128e-05 	8.59946e-06 	14
707.0 	3.46358e-05 	8.57993e-06 	14
708.0 	3.45623e-05 	8.56155e-06 	14
709.0 	3.44759e-05 	8.53859e-06 	14
710.0 	3.43993e-05 	8.51943e-06 	14
711.0 	3.43213e-05 	8.4995e-06 	14
712.0 	3.42428e-05 	8.47956e-06 	14
713.0 	3.41689e-05 	8.4614e-06 	14
714.0 	3.40827e-05 	8.43874e-06 	14
715.0 	3.40065e-05 	8.42e-06 	14
716.0 	3.39287e-05 	8.40054e-06 	14
717.0 	3.38502e-05 	8.38118e-06 	14
718.0 	3.37719e-05 	8.36122e-06 	14
719.0 	3.37047e-05 	8.341e-06 	14
720.0 	3.36134e-05 	8.31892e-06 	14
721.0 	3.3537e-05 	8.30155e-06 	14
722.0 	3.34431e-05 	8.28381e-06 	14
723.0 	3.3365e-05 	8.26653e-06 	14
724.0 	3.32881e-05 	8.24886e-06 	14
725.0 	3.32105e-05 	8.23087e-06 	14
726.0 	3.31326e-05 	8.21289e-06 	14
727.0 	3.30546e-05 	9.98108e-06 	12
728.0 	3.47245e-05 	8.48772e-06 	14
729.0 	3.31704e-05 	8.27205e-06 	14
730.0 	3.29267e-05 	9.98571e-06 	12
731.0 	3.45365e-05 	8.4784e-06 	14
732.0 	3.29685e-05 	8.25029e-06 	14
733.0 	3.27141e-05 	9.94475e-06 	12
734.0 	3.43075e-05 	8.43925e-06 	14
735.0 	3.27451e-05 	9.97682e-06 	12
736.0 	3.42176e-05 	8.44104e-06 	14
737.0 	3.26245e-05 	9.9597e-06 	12
738.0 	3.4076e-05 	8.42233e-06 	14
739.0 	3.24812e-05 	9.93018e-06 	12
740.0 	3.39231e-05 	8.39525e-06 	14
741.0 	3.23317e-05 	9.89432e-06 	12
742.0 	3.37657e-05 	8.36402e-06 	14
743.0 	3.21792e-05 	9.85588e-06 	12
744.0 	3.36008e-05 	8.33121e-06 	14
745.0 	3.20184e-05 	9.8165e-06 	12
746.0 	3.34393e-05 	8.29763e-06 	14
747.0 	3.18642e-05 	9.77593e-06 	12
748.0 	3.32796e-05 	8.26348e-06 	14
749.0 	3.17101e-05 	9.73535e-06 	12
750.0 	3.31247e-05 	8.23133e-06 	14
751.0 	3.15582e-05 	9.6955e-06 	12
752.0 	3.29619e-05 	9.96124e-06 	12
753.0 	3.31278e-05 	8.26003e-06 	14
754.0 	3.14066e-05 	9.67949e-06 	12
755.0 	3.27648e-05 	9.93002e-06 	12
756.0 	3.29129e-05 	9.99115e-06 	12
757.0 	3.29126e-05 	8.25321e-06 	14
758.0 	3.11528e-05 	9.6439e-06 	12
759.0 	3.24838e-05 	9.88833e-06 	12
760.0 	3.26243e-05 	9.94922e-06 	12
761.0 	3.26232e-05 	9.96723e-06 	12
762.0 	3.25813e-05 	9.97256e-06 	12
763.0 	3.25238e-05 	9.97064e-06 	12
764.0 	3.24557e-05 	9.96392e-06 	12
765.0 	3.23656e-05 	9.9536e-06 	12
766.0 	3.22903e-05 	9.9404e-06 	12
767.0 	3.22105e-05 	9.92309e-06 	12
768.0 	3.21427e-05 	9.91018e-06 	12
769.0 	3.20651e-05 	9.89188e-06 	12
770.0 	3.19877e-05 	9.87383e-06 	12
771.0 	3.19107e-05 	9.85543e-06 	12
772.0 	3.18335e-05 	9.83678e-06 	12
773.0 	3.17561e-05 	9.81754e-06 	12
774.0 	3.16783e-05 	9.79801e-06 	12
775.0 	3.16006e-05 	9.77593e-06 	12
776.0 	3.15216e-05 	9.75554e-06 	12
777.0 	3.1443e-05 	9.73588e-06 	12
778.0 	3.13647e-05 	9.71649e-06 	12
779.0 	3.12868e-05 	9.69739e-06 	12
780.0 	3.12092e-05 	9.67855e-06 	12
781.0 	3.11318e-05 	9.65985e-06 	12
782.0 	3.10547e-05 	9.64123e-06 	12
783.0 	3.09778e-05 	9.62269e-06 	12
784.0 	3.08974e-05 	9.60524e-06 	12
785.0 	3.0822e-05 	9.58573e-06 	12
786.0 	3.07452e-05 	9.56635e-06 	12
787.0 	3.06683e-05 	9.54808e-06 	12
788.0 	3.05922e-05 	9.52996e-06 	12
789.0 	3.05161e-05 	9.51179e-06 	12
790.0 	3.044e-05 	9.4936e-06 	12
791.0 	3.0364e-05 	9.47542e-06 	12
792.0 	3.0288e-05 	9.45735e-06 	12
793.0 	3.02121e-05 	9.43943e-06 	12
794.0 	3.01363e-05 	9.42141e-06 	12
795.0 	3.00604e-05 	9.40333e-06 	12
796.0 	2.99847e-05 	9.38521e-06 	12
797.0 	2.9909e-05 	9.36708e-06 	12
798.0 	2.98334e-05 	9.34894e-06 	12
799.0 	2.97579e-05 	9.33084e-06 	12
800.0 	2.96824e-05 	9.31275e-06 	12
801.0 	2.9607e-05 	9.29465e-06 	12
802.0 	2.95316e-05 	9.27653e-06 	12
803.0 	2.94562e-05 	9.25841e-06 	12
804.0 	2.93809e-05 	9.24035e-06 	12
805.0 	2.93056e-05 	9.2223e-06 	12
806.0 	2.92305e-05 	9.20442e-06 	12
807.0 	2.91556e-05 	9.18657e-06 	12
808.0 	2.90812e-05 	9.16893e-06 	12
809.0 	2.90069e-05 	9.15142e-06 	12
810.0 	2.89327e-05 	9.1339e-06 	12
811.0 	2.88585e-05 	9.11637e-06 	12
812.0 	2.87844e-05 	9.09884e-06 	12
813.0 	2.87106e-05 	9.08132e-06 	12
814.0 	2.86368e-05 	9.06379e-06 	12
815.0 	2.8563e-05 	9.04622e-06 	12
816.0 	2.84893e-05 	9.02863e-06 	12
817.0 	2.84157e-05 	9.01106e-06 	12
818.0 	2.83421e-05 	8.99357e-06 	12
819.0 	2.82685e-05 	8.97618e-06 	12
820.0 	2.81951e-05 	8.95891e-06 	12
821.0 	2.81218e-05 	8.9417e-06 	12
822.0 	2.80486e-05 	8.92451e-06 	12
823.0 	2.79755e-05 	8.90743e-06 	12
824.0 	2.79024e-05 	8.89068e-06 	12
825.0 	2.78297e-05 	8.87414e-06 	12
826.0 	2.77572e-05 	8.85762e-06 	12
827.0 	2.76848e-05 	8.84095e-06 	12
828.0 	2.76124e-05 	8.82426e-06 	12
829.0 	2.754e-05 	8.80765e-06 	12
830.0 	2.74675e-05 	8.79098e-06 	12
831.0 	2.7395e-05 	8.77424e-06 	12
832.0 	2.73225e-05 	8.75746e-06 	12
833.0 	2.725e-05 	8.74058e-06 	12
834.0 	2.71775e-05 	8.72382e-06 	12
835.0 	2.71051e-05 	8.70719e-06 	12
836.0 	2.70327e-05 	8.69061e-06 	12
837.0 	2.69604e-05 	8.674e-06 	12
838.0 	2.68881e-05 	8.65737e-06 	12
839.0 	2.68159e-05 	8.64075e-06 	12
840.0 	2.67437e-05 	8.6241e-06 	12
841.0 	2.66715e-05 	8.60749e-06 	12
842.0 	2.65993e-05 	8.59089e-06 	12
843.0 	2.6527e-05 	8.57434e-06 	12
844.0 	2.64548e-05 	8.55772e-06 	12
845.0 	2.63826e-05 	8.5411e-06 	12
846.0 	2.63106e-05 	8.52444e-06 	12
847.0 	2.62387e-05 	8.50772e-06 	12
848.0 	2.61667e-05 	8.49099e-06 	12
849.0 	2.60948e-05 	8.47676e-06 	12
850.0 	2.60239e-05 	8.46389e-06 	12
851.0 	2.59539e-05 	8.45072e-06 	12
852.0 	2.58839e-05 	8.43682e-06 	12
853.0 	2.58138e-05 	8.42227e-06 	12
854.0 	2.57435e-05 	8.4072e-06 	12
855.0 	2.5673e-05 	8.39442e-06 	12
856.0 	2.56043e-05 	8.38421e-06 	12
857.0 	2.55374e-05 	8.37305e-06 	12
858.0 	2.54693e-05 	8.36065e-06 	12
859.0 	2.54002e-05 	8.34719e-06 	12
860.0 	2.53306e-05 	9.98532e-06 	10
861.0 	2.69657e-05 	8.70003e-06 	12
862.0 	2.55345e-05 	8.42401e-06 	12
863.0 	2.52397e-05 	9.99453e-06 	10
864.0 	2.68047e-05 	8.6954e-06 	12
865.0 	2.53571e-05 	8.40746e-06 	12
866.0 	2.5051e-05 	9.95506e-06 	10
867.0 	2.65851e-05 	8.66207e-06 	12
868.0 	2.51513e-05 	8.3718e-06 	12
869.0 	2.4843e-05 	9.90218e-06 	10
870.0 	2.63628e-05 	8.61929e-06 	12
871.0 	2.49412e-05 	9.94558e-06 	10
872.0 	2.6295e-05 	8.62301e-06 	12
873.0 	2.48378e-05 	9.92707e-06 	10
874.0 	2.61666e-05 	8.60522e-06 	12
875.0 	2.47089e-05 	9.89647e-06 	10
876.0 	2.60246e-05 	8.58015e-06 	12
877.0 	2.45731e-05 	9.86044e-06 	10
878.0 	2.58786e-05 	8.5515e-06 	12
879.0 	2.44349e-05 	9.82145e-06 	10
880.0 	2.57304e-05 	8.52087e-06 	12
881.0 	2.42952e-05 	9.78066e-06 	10
882.0 	2.5581e-05 	8.48898e-06 	12
883.0 	2.41545e-05 	9.73901e-06 	10
884.0 	2.54313e-05 	8.45652e-06 	12
885.0 	2.40134e-05 	9.69677e-06 	10
886.0 	2.5281e-05 	8.42376e-06 	12
887.0 	2.38717e-05 	9.65422e-06 	10
888.0 	2.51307e-05 	8.39093e-06 	12
889.0 	2.373e-05 	9.61169e-06 	10
890.0 	2.49805e-05 	9.96147e-06 	10
891.0 	2.52368e-05 	8.43199e-06 	12
892.0 	2.36087e-05 	9.59362e-06 	10
893.0 	2.48026e-05 	9.923e-06 	10
894.0 	2.50374e-05 	9.99939e-06 	10
895.0 	2.50562e-05 	8.4231e-06 	12
896.0 	2.3385e-05 	9.54792e-06 	10
897.0 	2.45399e-05 	9.86211e-06 	10
898.0 	2.47598e-05 	9.93293e-06 	10
899.0 	2.47731e-05 	9.95166e-06 	10
900.0 	2.47409e-05 	9.95265e-06 	10
901.0 	2.46897e-05 	9.94661e-06 	10
902.0 	2.4629e-05 	9.93716e-06 	10
903.0 	2.45638e-05 	9.92502e-06 	10
904.0 	2.44965e-05 	9.91065e-06 	10
905.0 	2.44277e-05 	9.8944e-06 	10
906.0 	2.43576e-05 	9.87672e-06 	10
907.0 	2.42865e-05 	9.85795e-06 	10
908.0 	2.42146e-05 	9.83834e-06 	10
909.0 	2.4142e-05 	9.81811e-06 	10
910.0 	2.40691e-05 	9.79738e-06 	10
911.0 	2.39957e-05 	9.77626e-06 	10
912.0 	2.39222e-05 	9.75493e-06 	10
913.0 	2.38484e-05 	9.7334e-06 	10
914.0 	2.37747e-05 	9.71167e-06 	10
915.0 	2.37008e-05 	9.6898e-06 	10
916.0 	2.36269e-05 	9.66798e-06 	10
917.0 	2.35531e-05 	9.64604e-06 	10
918.0 	2.34793e-05 	9.62406e-06 	10
919.0 	2.34054e-05 	9.60196e-06 	10
920.0 	2.33316e-05 	9.57984e-06 	10
921.0 	2.32578e-05 	9.55769e-06 	10
922.0 	2.3184e-05 	9.53544e-06 	10
923.0 	2.31103e-05 	9.5131e-06 	10
924.0 	2.30366e-05 	9.49074e-06 	10
925.0 	2.29629e-05 	9.46828e-06 	10
926.0 	2.28894e-05 	9.44574e-06 	10
927.0 	2.28159e-05 	9.42759e-06 	10
928.0 	2.27468e-05 	9.40952e-06 	10
929.0 	2.26742e-05 	9.39073e-06 	10
930.0 	2.26092e-05 	9.37252e-06 	10
931.0 	2.25394e-05 	9.3526e-06 	10
932.0 	2.24683e-05 	9.33174e-06 	10
933.0 	2.23966e-05 	9.31053e-06 	10
934.0 	2.23248e-05 	9.28905e-06 	10
935.0 	2.22529e-05 	9.26735e-06 	10
936.0 	2.21809e-05 	9.24547e-06 	10
937.0 	2.21088e-05 	9.22347e-06 	10
938.0 	2.20367e-05 	9.20139e-06 	10
939.0 	2.19646e-05 	9.1792e-06 	10
940.0 	2.18925e-05 	9.15689e-06 	10
941.0 	2.18204e-05 	9.13459e-06 	10
942.0 	2.17484e-05 	9.1122e-06 	10
943.0 	2.16764e-05 	9.09039e-06 	10
944.0 	2.16051e-05 	9.06921e-06 	10
945.0 	2.15343e-05 	9.04708e-06 	10
946.0 	2.14629e-05 	9.02464e-06 	10
947.0 	2.13913e-05 	9.00206e-06 	10
948.0 	2.13198e-05 	8.97938e-06 	10
949.0 	2.12483e-05 	8.95662e-06 	10
950.0 	2.11768e-05 	8.93384e-06 	10
951.0 	2.11053e-05 	8.91108e-06 	10
952.0 	2.1034e-05 	8.88828e-06 	10
953.0 	2.09627e-05 	8.86543e-06 	10
954.0 	2.08915e-05 	8.84253e-06 	10
955.0 	2.08204e-05 	8.8196e-06 	10
956.0 	2.07495e-05 	8.79669e-06 	10
957.0 	2.06787e-05 	8.7738e-06 	10
958.0 	2.0608e-05 	8.75087e-06 	10
959.0 	2.05373e-05 	8.72788e-06 	10
960.0 	2.04668e-05 	8.70485e-06 	10
961.0 	2.03964e-05 	8.68178e-06 	10
962.0 	2.03261e-05 	8.65866e-06 	10
963.0 	2.02559e-05 	8.63553e-06 	10
964.0 	2.01852e-05 	8.61241e-06 	10
965.0 	2.01146e-05 	8.58936e-06 	10
966.0 	2.00446e-05 	8.56596e-06 	10
967.0 	1.99746e-05 	9.98538e-06 	8
968.0 	2.146e-05 	9.02035e-06 	10
969.0 	2.0309e-05 	8.63576e-06 	10
970.0 	1.9913e-05 	9.97118e-06 	8
971.0 	2.13139e-05 	8.99145e-06 	10
972.0 	2.01474e-05 	8.59771e-06 	10
973.0 	1.97383e-05 	9.90933e-06 	8
974.0 	2.11131e-05 	8.93625e-06 	10
975.0 	1.99545e-05 	9.974e-06 	8
976.0 	2.10788e-05 	8.93729e-06 	10
977.0 	1.98673e-05 	9.94773e-06 	8
978.0 	2.0963e-05 	8.90914e-06 	10
979.0 	1.97492e-05 	9.90562e-06 	8
980.0 	2.08245e-05 	8.87269e-06 	10
981.0 	1.96149e-05 	9.85857e-06 	8
982.0 	2.06845e-05 	8.83227e-06 	10
983.0 	1.94847e-05 	9.80748e-06 	8
984.0 	2.05425e-05 	8.78904e-06 	10
985.0 	1.9352e-05 	9.7544e-06 	8
986.0 	2.03991e-05 	8.74456e-06 	10
987.0 	1.92185e-05 	9.70035e-06 	8
988.0 	2.02551e-05 	8.69923e-06 	10
989.0 	1.90848e-05 	9.64571e-06 	8
990.0 	2.01109e-05 	8.65341e-06 	10
991.0 	1.89509e-05 	9.59067e-06 	8
992.0 	1.99672e-05 	8.60726e-06 	10
993.0 	1.88171e-05 	9.53553e-06 	8
994.0 	1.98239e-05 	8.56089e-06 	10
995.0 	1.86834e-05 	9.48039e-06 	8
996.0 	1.96811e-05 	9.94216e-06 	8
997.0 	2.00754e-05 	8.61684e-06 	10
998.0 	1.86062e-05 	9.45622e-06 	8
999.0 	1.95255e-05 	9.88923e-06 	8
1000.0 	1.98923e-05 	8.56812e-06 	10
1001.0 	1.84303e-05 	9.39025e-06 	8
1002.0 	1.93299e-05 	9.81421e-06 	8
1003.0 	1.96884e-05 	9.92333e-06 	8
1004.0 	1.97494e-05 	9.95254e-06 	8
1005.0 	1.97377e-05 	9.9558e-06 	8
1006.0 	1.97009e-05 	9.94794e-06 	8
1007.0 	1.96521e-05 	9.93425e-06 	8
1008.0 	1.95964e-05 	9.91658e-06 	8
1009.0 	1.95352e-05 	9.89228e-06 	8
1010.0 	1.94706e-05 	9.86492e-06 	8
1011.0 	1.94031e-05 	9.83971e-06 	8
1012.0 	1.93369e-05 	9.81487e-06 	8
1013.0 	1.92707e-05 	9.78968e-06 	8
1014.0 	1.92041e-05 	9.76411e-06 	8
1015.0 	1.91369e-05 	9.73815e-06 	8
1016.0 	1.90693e-05 	9.71187e-06 	8
1017.0 	1.90015e-05 	9.68532e-06 	8
1018.0 	1.89335e-05 	9.65854e-06 	8
1019.0 	1.88654e-05 	9.63158e-06 	8
1020.0 	1.87972e-05 	9.60447e-06 	8
1021.0 	1.87289e-05 	9.57723e-06 	8
1022.0 	1.86607e-05 	9.54995e-06 	8
1023.0 	1.85924e-05 	9.5226e-06 	8
1024.0 	1.85242e-05 	9.49517e-06 	8
1025.0 	1.8456e-05 	9.46765e-06 	8
1026.0 	1.83878e-05 	9.44007e-06 	8
1027.0 	1.83197e-05 	9.41241e-06 	8
1028.0 	1.82517e-05 	9.38469e-06 	8
1029.0 	1.81838e-05 	9.35692e-06 	8
1030.0 	1.8116e-05 	9.3291e-06 	8
1031.0 	1.80483e-05 	9.30134e-06 	8
1032.0 	1.79807e-05 	9.27353e-06 	8
1033.0 	1.79132e-05 	9.24567e-06 	8
1034.0 	1.78459e-05 	9.21778e-06 	8
1035.0 	1.77786e-05 	9.18985e-06 	8
1036.0 	1.77115e-05 	9.16195e-06 	8
1037.0 	1.76446e-05 	9.13403e-06 	8
1038.0 	1.75778e-05 	9.10607e-06 	8
1039.0 	1.75112e-05 	9.07805e-06 	8
1040.0 	1.74445e-05 	9.04999e-06 	8
1041.0 	1.7378e-05 	9.02189e-06 	8
1042.0 	1.73117e-05 	8.99377e-06 	8
1043.0 	1.72455e-05 	8.96565e-06 	8
1044.0 	1.71795e-05 	8.93751e-06 	8
1045.0 	1.71136e-05 	8.90935e-06 	8
1046.0 	1.70479e-05 	8.88117e-06 	8
1047.0 	1.69823e-05 	8.85298e-06 	8
1048.0 	1.69169e-05 	8.82476e-06 	8
1049.0 	1.68516e-05 	8.7966e-06 	8
1050.0 	1.67865e-05 	8.76842e-06 	8
1051.0 	1.67216e-05 	8.74023e-06 	8
1052.0 	1.66569e-05 	8.71203e-06 	8
1053.0 	1.65922e-05 	8.68385e-06 	8
1054.0 	1.65251e-05 	8.65484e-06 	8
1055.0 	1.64601e-05 	9.9867e-06 	6
1056.0 	1.7877e-05 	9.28405e-06 	8
1057.0 	1.6995e-05 	8.80951e-06 	8
1058.0 	1.65016e-05 	8.64733e-06 	8
1059.0 	1.6314e-05 	9.91899e-06 	6
1060.0 	1.76682e-05 	9.20634e-06 	8
1061.0 	1.67779e-05 	8.72806e-06 	8
1062.0 	1.62791e-05 	9.89783e-06 	6
1063.0 	1.75396e-05 	9.15931e-06 	8
1064.0 	1.66275e-05 	8.67243e-06 	8
1065.0 	1.61194e-05 	9.81905e-06 	6
1066.0 	1.73551e-05 	9.08573e-06 	8
1067.0 	1.64502e-05 	9.95389e-06 	6
1068.0 	1.74141e-05 	9.10196e-06 	8
1069.0 	1.63979e-05 	9.93229e-06 	6
1070.0 	1.73238e-05 	9.07052e-06 	8
1071.0 	1.62994e-05 	9.88624e-06 	6
1072.0 	1.72092e-05 	9.02717e-06 	8
1073.0 	1.61882e-05 	9.8321e-06 	6
1074.0 	1.70862e-05 	8.97848e-06 	8
1075.0 	1.60719e-05 	9.77392e-06 	6
1076.0 	1.69596e-05 	8.92671e-06 	8
1077.0 	1.59529e-05 	9.71333e-06 	6
1078.0 	1.68309e-05 	8.87304e-06 	8
1079.0 	1.58325e-05 	9.65128e-06 	6
1080.0 	1.67013e-05 	8.81825e-06 	8
1081.0 	1.57113e-05 	9.58853e-06 	6
1082.0 	1.65712e-05 	8.76276e-06 	8
1083.0 	1.55898e-05 	9.52529e-06 	6
1084.0 	1.64413e-05 	8.7068e-06 	8
1085.0 	1.54683e-05 	9.46173e-06 	6
1086.0 	1.63115e-05 	8.65056e-06 	8
1087.0 	1.53471e-05 	9.39798e-06 	6
1088.0 	1.61821e-05 	9.93446e-06 	6
1089.0 	1.66834e-05 	8.77585e-06 	8
1090.0 	1.53643e-05 	9.40043e-06 	6
1091.0 	1.60852e-05 	9.88706e-06 	6
1092.0 	1.65408e-05 	8.72206e-06 	8
1093.0 	1.52171e-05 	9.3291e-06 	6
1094.0 	1.59182e-05 	9.80336e-06 	6
1095.0 	1.63616e-05 	8.65001e-06 	8
1096.0 	1.50513e-05 	9.24561e-06 	6
1097.0 	1.57395e-05 	9.71076e-06 	6
1098.0 	1.61743e-05 	9.9156e-06 	6
1099.0 	1.63395e-05 	9.9836e-06 	6
1100.0 	1.63738e-05 	8.64225e-06 	8
1101.0 	1.48887e-05 	9.17029e-06 	6
1102.0 	1.55096e-05 	9.59853e-06 	6
1103.0 	1.59086e-05 	9.78482e-06 	6
1104.0 	1.60549e-05 	9.84216e-06 	6
1105.0 	1.60784e-05 	9.85442e-06 	6
1106.0 	1.60601e-05 	9.84833e-06 	6
1107.0 	1.60245e-05 	9.83328e-06 	6
1108.0 	1.598e-05 	9.81324e-06 	6
1109.0 	1.59303e-05 	9.79009e-06 	6
1110.0 	1.58774e-05 	9.76485e-06 	6
1111.0 	1.58223e-05 	9.73808e-06 	6
1112.0 	1.57656e-05 	9.71013e-06 	6
1113.0 	1.57079e-05 	9.68129e-06 	6
1114.0 	1.56494e-05 	9.65178e-06 	6
1115.0 	1.55903e-05 	9.62167e-06 	6
1116.0 	1.55307e-05 	9.59109e-06 	6
1117.0 	1.54707e-05 	9.56013e-06 	6
1118.0 	1.54105e-05 	9.52887e-06 	6
1119.0 	1.53501e-05 	9.49739e-06 	6
1120.0 	1.52896e-05 	9.46574e-06 	6
1121.0 	1.5229e-05 	9.43399e-06 	6
1122.0 	1.51685e-05 	9.40214e-06 	6
1123.0 	1.51079e-05 	9.37017e-06 	6
1124.0 	1.50473e-05 	9.33809e-06 	6
1125.0 	1.49866e-05 	9.30595e-06 	6
1126.0 	1.49261e-05 	9.27377e-06 	6
1127.0 	1.48656e-05 	9.24156e-06 	6
1128.0 	1.48052e-05 	9.20934e-06 	6
1129.0 	1.4745e-05 	9.17718e-06 	6
1130.0 	1.4685e-05 	9.14504e-06 	6
1131.0 	1.46251e-05 	9.11293e-06 	6
1132.0 	1.45653e-05 	9.08083e-06 	6
1133.0 	1.45057e-05 	9.04874e-06 	6
1134.0 	1.44462e-05 	9.01666e-06 	6
1135.0 	1.43869e-05 	8.98459e-06 	6
1136.0 	1.43277e-05 	8.95253e-06 	6
1137.0 	1.42687e-05 	8.9205e-06 	6
1138.0 	1.42098e-05 	8.88849e-06 	6
1139.0 	1.41511e-05 	8.85651e-06 	6
1140.0 	1.40926e-05 	8.82455e-06 	6
1141.0 	1.40343e-05 	8.79263e-06 	6
1142.0 	1.39762e-05 	8.76073e-06 	6
1143.0 	1.39182e-05 	8.72886e-06 	6
1144.0 	1.38604e-05 	8.69702e-06 	6
1145.0 	1.38027e-05 	9.99031e-06 	4
1146.0 	1.51964e-05 	9.47213e-06 	6
1147.0 	1.45252e-05 	9.03401e-06 	6
1148.0 	1.40426e-05 	8.77145e-06 	6
1149.0 	1.37693e-05 	9.96806e-06 	4
1150.0 	1.50714e-05 	9.41197e-06 	6
1151.0 	1.43659e-05 	8.95795e-06 	6
1152.0 	1.38684e-05 	8.68622e-06 	6
1153.0 	1.35855e-05 	9.8529e-06 	4
1154.0 	1.48544e-05 	9.30116e-06 	6
1155.0 	1.4156e-05 	8.85022e-06 	6
1156.0 	1.36625e-05 	9.88926e-06 	4
1157.0 	1.48078e-05 	9.26853e-06 	6
1158.0 	1.40493e-05 	8.7957e-06 	6
1159.0 	1.35357e-05 	9.80963e-06 	4
1160.0 	1.46537e-05 	9.1889e-06 	6
1161.0 	1.38979e-05 	8.71731e-06 	6
1162.0 	1.33858e-05 	9.71381e-06 	4
1163.0 	1.4484e-05 	9.09921e-06 	6
1164.0 	1.37368e-05 	9.9644e-06 	4
1165.0 	1.46772e-05 	9.1797e-06 	6
1166.0 	1.37626e-05 	9.97522e-06 	4
1167.0 	1.46377e-05 	9.15984e-06 	6
1168.0 	1.36962e-05 	9.93525e-06 	4
1169.0 	1.45506e-05 	9.11842e-06 	6
1170.0 	1.36091e-05 	9.88264e-06 	4
1171.0 	1.44514e-05 	9.06993e-06 	6
1172.0 	1.35155e-05 	9.82433e-06 	4
1173.0 	1.43471e-05 	9.01681e-06 	6
1174.0 	1.34169e-05 	9.7621e-06 	4
1175.0 	1.42386e-05 	8.96053e-06 	6
1176.0 	1.33153e-05 	9.69726e-06 	4
1177.0 	1.41277e-05 	8.90209e-06 	6
1178.0 	1.32119e-05 	9.63071e-06 	4
1179.0 	1.40153e-05 	8.84216e-06 	6
1180.0 	1.31073e-05 	9.563e-06 	4
1181.0 	1.39019e-05 	8.78122e-06 	6
1182.0 	1.30019e-05 	9.49448e-06 	4
1183.0 	1.37881e-05 	8.71963e-06 	6
1184.0 	1.28961e-05 	9.42545e-06 	4
1185.0 	1.36742e-05 	9.95928e-06 	4
1186.0 	1.4212e-05 	8.96956e-06 	6
1187.0 	1.30707e-05 	9.52862e-06 	4
1188.0 	1.36998e-05 	9.96741e-06 	4
1189.0 	1.41503e-05 	8.93559e-06 	6
1190.0 	1.29725e-05 	9.4684e-06 	4
1191.0 	1.35749e-05 	9.88949e-06 	4
1192.0 	1.4008e-05 	8.86294e-06 	6
1193.0 	1.28371e-05 	9.38338e-06 	4
1194.0 	1.3426e-05 	9.79478e-06 	4
1195.0 	1.38491e-05 	8.77967e-06 	6
1196.0 	1.26915e-05 	9.29029e-06 	4
1197.0 	1.32693e-05 	9.69389e-06 	4
1198.0 	1.36843e-05 	8.69153e-06 	6
1199.0 	1.25419e-05 	9.19329e-06 	4
1200.0 	1.31094e-05 	9.58988e-06 	4
1201.0 	1.35171e-05 	9.8937e-06 	4
1202.0 	1.37959e-05 	8.73865e-06 	6
1203.0 	1.24995e-05 	9.15763e-06 	4
1204.0 	1.29863e-05 	9.50865e-06 	4
1205.0 	1.33518e-05 	9.78589e-06 	4
1206.0 	1.36068e-05 	9.95212e-06 	4
1207.0 	1.3744e-05 	8.69703e-06 	6
1208.0 	1.23554e-05 	9.06457e-06 	4
1209.0 	1.27914e-05 	9.38476e-06 	4
1210.0 	1.31272e-05 	9.64123e-06 	4
1211.0 	1.33628e-05 	9.79482e-06 	4
1212.0 	1.34878e-05 	9.86432e-06 	4
1213.0 	1.35327e-05 	9.8896e-06 	4
1214.0 	1.35354e-05 	9.8917e-06 	4
1215.0 	1.35173e-05 	9.8815e-06 	4
1216.0 	1.34879e-05 	9.8641e-06 	4
1217.0 	1.34517e-05 	9.84218e-06 	4
1218.0 	1.3411e-05 	9.81726e-06 	4
1219.0 	1.33674e-05 	9.79024e-06 	4
1220.0 	1.33216e-05 	9.76166e-06 	4
1221.0 	1.32742e-05 	9.7319e-06 	4
1222.0 	1.32256e-05 	9.7012e-06 	4
1223.0 	1.31761e-05 	9.66977e-06 	4
1224.0 	1.31259e-05 	9.6377e-06 	4
1225.0 	1.30751e-05 	9.6051e-06 	4
1226.0 	1.30238e-05 	9.57208e-06 	4
1227.0 	1.29721e-05 	9.53868e-06 	4
1228.0 	1.29202e-05 	9.50498e-06 	4
1229.0 	1.2868e-05 	9.47101e-06 	4
1230.0 	1.28157e-05 	9.43683e-06 	4
1231.0 	1.27632e-05 	9.40249e-06 	4
1232.0 	1.27106e-05 	9.368e-06 	4
1233.0 	1.26581e-05 	9.33341e-06 	4
1234.0 	1.26056e-05 	9.29875e-06 	4
1235.0 	1.25531e-05 	9.26403e-06 	4
1236.0 	1.25006e-05 	9.22926e-06 	4
1237.0 	1.24481e-05 	9.19448e-06 	4
1238.0 	1.23957e-05 	9.15969e-06 	4
1239.0 	1.23434e-05 	9.12489e-06 	4
1240.0 	1.22911e-05 	9.09012e-06 	4
1241.0 	1.22389e-05 	9.05537e-06 	4
1242.0 	1.21868e-05 	9.02066e-06 	4
1243.0 	1.21349e-05 	8.98599e-06 	4
1244.0 	1.20831e-05 	8.95136e-06 	4
1245.0 	1.20314e-05 	8.91681e-06 	4
1246.0 	1.19798e-05 	8.88231e-06 	4
1247.0 	1.19284e-05 	8.84788e-06 	4
1248.0 	1.18771e-05 	8.81353e-06 	4
1249.0 	1.1826e-05 	8.77924e-06 	4
1250.0 	1.17751e-05 	8.74501e-06 	4
1251.0 	1.17244e-05 	8.71086e-06 	4
1252.0 	1.16738e-05 	9.98234e-06 	2
1253.0 	1.30481e-05 	9.60687e-06 	4
1254.0 	1.25711e-05 	9.29706e-06 	4
1255.0 	1.22083e-05 	9.02275e-06 	4
1256.0 	1.19033e-05 	8.81219e-06 	4
1257.0 	1.1682e-05 	9.98931e-06 	2
1258.0 	1.29643e-05 	9.54778e-06 	4
1259.0 	1.24312e-05 	9.20712e-06 	4
1260.0 	1.20399e-05 	8.91613e-06 	4
1261.0 	1.17196e-05 	8.69572e-06 	4
1262.0 	1.14886e-05 	9.83677e-06 	2
