# time 	Initial 	Final 	Iterations
1.0 	1 	0.064202 	9
2.0 	0.0674247 	0.00592776 	7
3.0 	0.0402525 	0.00233891 	3
4.0 	0.0437446 	0.00228008 	7
5.0 	0.0472143 	0.00465686 	7
6.0 	0.0828728 	0.00762905 	7
7.0 	0.317871 	0.0178386 	7
8.0 	0.162846 	0.0159136 	3
9.0 	0.106995 	0.00678181 	3
10.0 	0.0862711 	0.00681234 	5
11.0 	0.0878411 	0.0054283 	7
12.0 	0.161019 	0.00999843 	7
13.0 	0.216277 	0.0207138 	5
14.0 	0.11169 	0.00555051 	4
15.0 	0.0874366 	0.00855135 	3
16.0 	0.0671682 	0.00574331 	5
17.0 	0.0567376 	0.00344249 	7
18.0 	0.0628973 	0.00320672 	7
19.0 	0.0899029 	0.00711196 	5
20.0 	0.131212 	0.0100442 	4
21.0 	0.131311 	0.0128433 	5
22.0 	0.115477 	0.00828343 	7
23.0 	0.0930461 	0.00922981 	5
24.0 	0.0724556 	0.00426387 	5
25.0 	0.0555815 	0.00425961 	4
26.0 	0.0487017 	0.00401853 	6
27.0 	0.0409106 	0.00402178 	7
28.0 	0.0333333 	0.00304795 	7
29.0 	0.028074 	0.00128764 	6
30.0 	0.024005 	0.00225253 	4
31.0 	0.0217371 	0.00184605 	4
32.0 	0.0212535 	0.00111655 	6
33.0 	0.0217212 	0.00157213 	6
34.0 	0.0217706 	0.00210929 	6
35.0 	0.0209746 	0.00197891 	5
36.0 	0.0192842 	0.000615287 	5
37.0 	0.0175964 	0.00160902 	3
38.0 	0.0163511 	0.00139674 	3
39.0 	0.0158377 	0.0015421 	3
40.0 	0.0153341 	0.00144823 	3
41.0 	0.014742 	0.000742558 	5
42.0 	0.0138344 	0.00126068 	3
43.0 	0.0129972 	0.00126723 	3
44.0 	0.0123539 	0.000988087 	3
45.0 	0.0119537 	0.000944482 	3
46.0 	0.0117959 	0.000929416 	3
47.0 	0.0116767 	0.00104319 	3
48.0 	0.0115155 	0.000986652 	3
49.0 	0.0112681 	0.000850049 	3
50.0 	0.0109452 	0.000571415 	4
51.0 	0.0106177 	0.000766952 	3
52.0 	0.010322 	0.000529808 	3
53.0 	0.0101751 	0.00077739 	3
54.0 	0.010073 	0.000545296 	4
55.0 	0.0100172 	0.000622679 	4
56.0 	0.00991708 	0.00062431 	4
57.0 	0.00974218 	0.000913786 	3
58.0 	0.00941119 	0.000889429 	3
59.0 	0.00912283 	0.00073217 	3
60.0 	0.00889182 	0.000519125 	3
61.0 	0.00868843 	0.000471771 	3
62.0 	0.00855215 	0.000550138 	3
63.0 	0.00848019 	0.000625964 	3
64.0 	0.00838746 	0.000637661 	3
65.0 	0.00827229 	0.000604489 	3
66.0 	0.00815237 	0.000564908 	3
67.0 	0.0080226 	0.000536872 	3
68.0 	0.00789548 	0.000518752 	3
69.0 	0.00777911 	0.000506858 	3
70.0 	0.00766729 	0.000476198 	3
71.0 	0.00756346 	0.000433016 	3
72.0 	0.00747626 	0.000429305 	3
73.0 	0.00740712 	0.000454734 	3
74.0 	0.00733561 	0.00049477 	3
75.0 	0.00726255 	0.000526341 	3
76.0 	0.00718825 	0.000539307 	3
77.0 	0.0070994 	0.000546626 	3
78.0 	0.00698666 	0.000539656 	3
79.0 	0.0068749 	0.000517937 	3
80.0 	0.00676853 	0.000485699 	3
81.0 	0.00667325 	0.000450713 	3
82.0 	0.00660246 	0.000424047 	3
83.0 	0.00654729 	0.000406713 	3
84.0 	0.00649896 	0.000410817 	3
85.0 	0.00644184 	0.000423631 	3
86.0 	0.00637564 	0.000431202 	3
87.0 	0.00631999 	0.000432626 	3
88.0 	0.00626989 	0.000427244 	3
89.0 	0.00622372 	0.000415668 	3
90.0 	0.00618043 	0.000399597 	3
91.0 	0.00612322 	0.000381774 	3
92.0 	0.00604881 	0.000363389 	3
93.0 	0.00597228 	0.000345235 	3
94.0 	0.00590382 	0.000329955 	3
95.0 	0.00584937 	0.000318641 	3
96.0 	0.00579917 	0.000310366 	3
97.0 	0.00574682 	0.000314173 	3
98.0 	0.00569421 	0.000325194 	3
99.0 	0.00564305 	0.000341675 	3
100.0 	0.00558266 	0.000356977 	3
101.0 	0.00551324 	0.000380608 	3
102.0 	0.00543027 	0.000399879 	3
103.0 	0.00534951 	0.000404995 	3
104.0 	0.0052796 	0.000390909 	3
105.0 	0.00520675 	0.000363287 	3
106.0 	0.00512279 	0.000335801 	3
107.0 	0.00505178 	0.000316778 	3
108.0 	0.00496952 	0.000305482 	3
109.0 	0.0048805 	0.000303568 	3
110.0 	0.0047921 	0.000297708 	3
111.0 	0.00470205 	0.000295189 	3
112.0 	0.00461668 	0.000290678 	3
113.0 	0.0045357 	0.000276 	3
114.0 	0.00447225 	0.000266451 	3
115.0 	0.00441271 	0.000253787 	3
116.0 	0.00434424 	0.000239087 	3
117.0 	0.00427286 	0.000225476 	3
118.0 	0.00420348 	0.000215749 	3
119.0 	0.00414318 	0.000211559 	3
120.0 	0.00408443 	0.000209667 	3
121.0 	0.00402976 	0.000209382 	3
122.0 	0.00397479 	0.000209335 	3
123.0 	0.00391917 	0.000209191 	3
124.0 	0.00385763 	0.000208676 	3
125.0 	0.00378754 	0.000207522 	3
126.0 	0.00371931 	0.000205577 	3
127.0 	0.00365983 	0.000203124 	3
128.0 	0.00360019 	0.000200216 	3
129.0 	0.00354459 	0.000197002 	3
130.0 	0.00349309 	0.000193463 	3
131.0 	0.0034481 	0.000189571 	3
132.0 	0.00340344 	0.000185344 	3
133.0 	0.00336076 	0.000180783 	3
134.0 	0.00332014 	0.000176181 	3
135.0 	0.00327627 	0.00017142 	3
136.0 	0.00322859 	0.000166553 	3
137.0 	0.0031905 	0.000161916 	3
138.0 	0.00316264 	0.000157368 	3
139.0 	0.0031263 	0.00015241 	3
140.0 	0.00308808 	0.000147968 	3
141.0 	0.00305188 	0.000143539 	3
142.0 	0.00302032 	0.000139384 	3
143.0 	0.00300004 	0.000135557 	3
144.0 	0.00298685 	0.000140181 	3
145.0 	0.00297435 	0.000145877 	3
146.0 	0.00293787 	0.000174863 	3
147.0 	0.00288956 	0.000278033 	3
148.0 	0.00284472 	0.000227408 	3
149.0 	0.00280465 	0.000160114 	3
150.0 	0.00276765 	0.000133211 	3
151.0 	0.00274832 	0.00013131 	3
152.0 	0.00274025 	0.000144212 	3
153.0 	0.00273041 	0.000156373 	3
154.0 	0.00270284 	0.000175961 	3
155.0 	0.002663 	0.000193039 	3
156.0 	0.00262814 	0.000201577 	3
157.0 	0.0025963 	0.00020072 	3
158.0 	0.00257109 	0.000196303 	3
159.0 	0.00254617 	0.000190995 	3
160.0 	0.00252011 	0.000184589 	3
161.0 	0.00249458 	0.000179318 	3
162.0 	0.00246734 	0.00017914 	3
163.0 	0.00244194 	0.000183192 	3
164.0 	0.00241754 	0.00018849 	3
165.0 	0.00239745 	0.000192378 	3
166.0 	0.00237532 	0.000194064 	3
167.0 	0.00234709 	0.000193492 	3
168.0 	0.00231683 	0.000190967 	3
169.0 	0.00228508 	0.000187554 	3
170.0 	0.00225323 	0.000184283 	3
171.0 	0.00222189 	0.000181633 	3
172.0 	0.00219497 	0.000180497 	3
173.0 	0.00217043 	0.000180948 	3
174.0 	0.00214707 	0.00018269 	3
175.0 	0.00212792 	0.000185394 	3
176.0 	0.00210892 	0.000188045 	3
177.0 	0.00208769 	0.00019034 	3
178.0 	0.00206374 	0.000190975 	3
179.0 	0.00203541 	0.000189288 	3
180.0 	0.00200445 	0.00018467 	3
181.0 	0.0019725 	0.000177737 	3
182.0 	0.00194074 	0.000167321 	3
183.0 	0.00190778 	0.00015289 	3
184.0 	0.00187702 	0.000133573 	3
185.0 	0.00185205 	0.000123915 	3
186.0 	0.0018411 	0.00012485 	3
187.0 	0.00183176 	0.000127711 	3
188.0 	0.00182246 	0.000129928 	3
189.0 	0.00181249 	0.000128809 	3
190.0 	0.00180283 	0.000128989 	3
191.0 	0.0017849 	0.000128246 	3
192.0 	0.00176623 	0.000127131 	3
193.0 	0.00175322 	0.000126424 	3
194.0 	0.00173901 	0.000126365 	3
195.0 	0.00172734 	0.00012705 	3
196.0 	0.00171626 	0.000128392 	3
197.0 	0.00170598 	0.00013021 	3
198.0 	0.00169331 	0.000132133 	3
199.0 	0.00167724 	0.000134158 	3
200.0 	0.00166846 	0.000135831 	3
201.0 	0.00166669 	0.000137047 	3
202.0 	0.00166519 	0.000137826 	3
203.0 	0.00166192 	0.000138354 	3
204.0 	0.00165401 	0.000138708 	3
205.0 	0.00164506 	0.000138976 	3
206.0 	0.00163391 	0.000139164 	3
207.0 	0.00162793 	0.000139247 	3
208.0 	0.00162581 	0.000139251 	3
209.0 	0.00162339 	0.000139316 	3
210.0 	0.00162081 	0.000139479 	3
211.0 	0.00161282 	0.000139461 	3
212.0 	0.00160544 	0.000139179 	3
213.0 	0.00159977 	0.000138531 	3
214.0 	0.00159463 	0.000137551 	3
215.0 	0.00158914 	0.000136246 	3
216.0 	0.00158686 	0.000134803 	3
217.0 	0.0015893 	0.000133249 	3
218.0 	0.0015918 	0.000131572 	3
219.0 	0.001594 	0.000129799 	3
220.0 	0.00159816 	0.000127897 	3
221.0 	0.00160066 	0.000125947 	3
222.0 	0.00159958 	0.000123956 	3
223.0 	0.00159698 	0.000122036 	3
224.0 	0.00159137 	0.000120245 	3
225.0 	0.0015847 	0.000118654 	3
226.0 	0.00157823 	0.000117256 	3
227.0 	0.00157232 	0.000119804 	3
228.0 	0.0015646 	0.000121213 	3
229.0 	0.00155297 	0.000126596 	3
230.0 	0.00153833 	0.000141623 	3
231.0 	0.00152246 	9.84731e-05 	4
232.0 	0.00151784 	0.000115001 	3
233.0 	0.00150924 	0.000126401 	3
234.0 	0.00150953 	0.000146436 	3
235.0 	0.00151325 	7.36808e-05 	4
236.0 	0.00151385 	0.000140888 	3
237.0 	0.00151134 	0.000146624 	3
238.0 	0.00151073 	0.00014733 	3
239.0 	0.00151124 	0.000145919 	3
240.0 	0.00151211 	0.000144574 	3
241.0 	0.00151952 	0.000143852 	3
242.0 	0.00153055 	0.000143195 	3
243.0 	0.00154418 	0.000142882 	3
244.0 	0.00155313 	0.000142462 	3
245.0 	0.00156087 	0.00014184 	3
246.0 	0.0015655 	0.000141264 	3
247.0 	0.00156604 	0.000140772 	3
248.0 	0.00156402 	0.00014027 	3
249.0 	0.00155945 	0.000139691 	3
250.0 	0.0015531 	0.000138877 	3
251.0 	0.00154428 	0.00013773 	3
252.0 	0.00153429 	0.000136043 	3
253.0 	0.00152384 	0.000133839 	3
254.0 	0.00151185 	0.000131245 	3
255.0 	0.00150081 	0.000128348 	3
256.0 	0.00148836 	0.000125201 	3
257.0 	0.00147389 	0.000121881 	3
258.0 	0.0014572 	0.0001184 	3
259.0 	0.00143913 	0.000114842 	3
260.0 	0.00142105 	0.000111272 	3
261.0 	0.00140482 	0.000107721 	3
262.0 	0.00139452 	0.000104233 	3
263.0 	0.00137827 	0.00010088 	3
264.0 	0.00136043 	9.77089e-05 	3
265.0 	0.00134089 	9.46939e-05 	3
266.0 	0.00132044 	9.18239e-05 	3
267.0 	0.00129971 	8.9089e-05 	3
268.0 	0.00127891 	8.64508e-05 	3
269.0 	0.0012581 	8.38848e-05 	3
270.0 	0.0012373 	8.1397e-05 	3
271.0 	0.00121713 	7.89967e-05 	3
272.0 	0.00119716 	7.66748e-05 	3
273.0 	0.00117864 	7.44566e-05 	3
274.0 	0.00116329 	7.23163e-05 	3
275.0 	0.00114226 	7.02355e-05 	3
276.0 	0.00112315 	6.823e-05 	3
277.0 	0.00110165 	6.63013e-05 	3
278.0 	0.00108011 	6.4446e-05 	3
279.0 	0.0010605 	6.26747e-05 	3
280.0 	0.00104326 	6.09928e-05 	3
281.0 	0.00102702 	5.94123e-05 	3
282.0 	0.00101105 	5.79186e-05 	3
283.0 	0.000994711 	5.65256e-05 	3
284.0 	0.000979469 	5.52729e-05 	3
285.0 	0.000965345 	5.41699e-05 	3
286.0 	0.000949611 	5.31919e-05 	3
287.0 	0.000931782 	5.23028e-05 	3
288.0 	0.000913423 	5.20523e-05 	3
289.0 	0.000895746 	5.1339e-05 	3
290.0 	0.000878411 	5.0612e-05 	3
291.0 	0.000861424 	4.99366e-05 	3
292.0 	0.000845707 	4.93139e-05 	3
293.0 	0.000831525 	4.87295e-05 	3
294.0 	0.000819036 	4.82235e-05 	3
295.0 	0.00080542 	4.77759e-05 	3
296.0 	0.000791783 	4.73712e-05 	3
297.0 	0.000779171 	4.70158e-05 	3
298.0 	0.000767912 	4.66987e-05 	3
299.0 	0.00075635 	4.64165e-05 	3
300.0 	0.00074476 	4.61936e-05 	3
301.0 	0.000733284 	4.62881e-05 	3
302.0 	0.000721907 	4.60324e-05 	3
303.0 	0.00071112 	4.57727e-05 	3
304.0 	0.000701237 	4.5551e-05 	3
305.0 	0.000690777 	4.69233e-05 	3
306.0 	0.000679487 	4.78643e-05 	3
307.0 	0.000669201 	4.83187e-05 	3
308.0 	0.000658745 	4.9228e-05 	3
309.0 	0.000647658 	4.96977e-05 	3
310.0 	0.000636442 	4.94954e-05 	3
311.0 	0.000626885 	4.87745e-05 	3
312.0 	0.000618599 	4.78766e-05 	3
313.0 	0.000610434 	4.71281e-05 	3
314.0 	0.00060236 	4.67174e-05 	3
315.0 	0.000594256 	4.66036e-05 	3
316.0 	0.000584661 	4.66744e-05 	3
317.0 	0.000576723 	4.68295e-05 	3
318.0 	0.000571125 	4.70639e-05 	3
319.0 	0.000564679 	4.74124e-05 	3
320.0 	0.000556939 	4.77984e-05 	3
321.0 	0.000548638 	4.81288e-05 	3
322.0 	0.0005414 	4.83698e-05 	3
323.0 	0.000533644 	4.84712e-05 	3
324.0 	0.000525906 	4.83617e-05 	3
325.0 	0.000517793 	4.80599e-05 	3
326.0 	0.000508902 	4.76624e-05 	3
327.0 	0.0005013 	4.74039e-05 	3
328.0 	0.00049379 	4.73543e-05 	3
329.0 	0.000486742 	4.74428e-05 	3
330.0 	0.000479564 	4.75814e-05 	3
331.0 	0.000472207 	1.49508e-05 	4
332.0 	0.00046315 	1.39844e-05 	4
333.0 	0.00045529 	1.37837e-05 	4
334.0 	0.00044815 	1.36221e-05 	4
335.0 	0.000441426 	1.35177e-05 	4
336.0 	0.00043512 	1.34074e-05 	4
337.0 	0.00042897 	1.33499e-05 	4
338.0 	0.000422877 	1.32711e-05 	4
339.0 	0.000416739 	1.31454e-05 	4
340.0 	0.00041067 	1.29682e-05 	4
341.0 	0.000404717 	1.27456e-05 	4
342.0 	0.000398875 	1.22938e-05 	4
343.0 	0.000393012 	1.20101e-05 	4
344.0 	0.000387212 	1.17228e-05 	4
345.0 	0.000381526 	1.14288e-05 	4
346.0 	0.000375907 	1.11381e-05 	4
347.0 	0.000370339 	1.1832e-05 	4
348.0 	0.00036551 	1.19006e-05 	4
349.0 	0.000361349 	1.19164e-05 	4
350.0 	0.000357511 	1.19018e-05 	4
351.0 	0.000353574 	1.1896e-05 	4
352.0 	0.000349087 	1.19501e-05 	4
353.0 	0.000344632 	1.20414e-05 	4
354.0 	0.000340442 	1.21257e-05 	4
355.0 	0.000337087 	1.21313e-05 	4
356.0 	0.000334146 	1.21624e-05 	4
357.0 	0.00033078 	1.21904e-05 	4
358.0 	0.000327273 	1.21862e-05 	4
359.0 	0.000323741 	1.22968e-05 	4
360.0 	0.000320313 	3.19918e-05 	3
361.0 	0.000317312 	1.26295e-05 	4
362.0 	0.000314013 	1.2727e-05 	4
363.0 	0.000311081 	1.27637e-05 	4
364.0 	0.000308492 	1.2825e-05 	4
365.0 	0.000305899 	3.01468e-05 	3
366.0 	0.000303658 	1.29083e-05 	4
367.0 	0.000300952 	1.29045e-05 	4
368.0 	0.000298598 	1.29258e-05 	4
369.0 	0.000296378 	2.958e-05 	3
370.0 	0.000294523 	1.29378e-05 	4
371.0 	0.000292148 	1.299e-05 	4
372.0 	0.000290054 	1.31151e-05 	4
373.0 	0.000288125 	2.85188e-05 	3
374.0 	0.00028626 	1.31411e-05 	4
375.0 	0.000283952 	1.32403e-05 	4
376.0 	0.000281852 	1.33871e-05 	4
377.0 	0.000279888 	2.79876e-05 	3
378.0 	0.000278036 	1.32968e-05 	4
379.0 	0.00027623 	1.34045e-05 	4
380.0 	0.000274597 	1.35588e-05 	4
381.0 	0.000273051 	1.36763e-05 	4
382.0 	0.000271511 	2.67058e-05 	3
383.0 	0.000269892 	1.35816e-05 	4
384.0 	0.000268454 	1.36583e-05 	4
385.0 	0.000267205 	1.37253e-05 	4
386.0 	0.000265903 	1.37498e-05 	4
387.0 	0.000264543 	2.63677e-05 	3
388.0 	0.000263608 	1.35576e-05 	4
389.0 	0.000262317 	1.35591e-05 	4
390.0 	0.000260982 	1.35837e-05 	4
391.0 	0.000259621 	1.3592e-05 	4
392.0 	0.000258277 	2.57215e-05 	3
393.0 	0.000257338 	1.33876e-05 	4
394.0 	0.000255874 	1.33433e-05 	4
395.0 	0.000254431 	1.33051e-05 	4
396.0 	0.000252994 	1.3253e-05 	4
397.0 	0.000251599 	2.49635e-05 	3
398.0 	0.000250644 	1.30394e-05 	4
399.0 	0.000249239 	1.29765e-05 	4
400.0 	0.000247793 	1.29321e-05 	4
401.0 	0.000246366 	1.28871e-05 	4
402.0 	0.000244937 	2.41724e-05 	3
403.0 	0.000243915 	1.2738e-05 	4
404.0 	0.000242448 	1.26897e-05 	4
405.0 	0.000240643 	1.26465e-05 	4
406.0 	0.000238833 	1.25863e-05 	4
407.0 	0.000237123 	2.31926e-05 	3
408.0 	0.000236004 	1.24671e-05 	4
409.0 	0.000234513 	1.241e-05 	4
410.0 	0.000233008 	1.23475e-05 	4
411.0 	0.000231475 	2.29294e-05 	3
412.0 	0.000230458 	1.21803e-05 	4
413.0 	0.000228821 	1.21315e-05 	4
414.0 	0.00022719 	1.20742e-05 	4
415.0 	0.000225584 	2.19568e-05 	3
416.0 	0.000224563 	1.19683e-05 	4
417.0 	0.000223026 	1.19082e-05 	4
418.0 	0.000221601 	2.18994e-05 	3
419.0 	0.000220864 	1.17528e-05 	4
420.0 	0.000219407 	1.16747e-05 	4
421.0 	0.000218005 	2.14516e-05 	3
422.0 	0.000217247 	1.1527e-05 	4
423.0 	0.000216365 	2.16306e-05 	3
424.0 	0.000216432 	1.13919e-05 	4
425.0 	0.000215404 	1.13603e-05 	4
426.0 	0.000213561 	2.03834e-05 	3
427.0 	0.000212009 	2.11466e-05 	3
428.0 	0.000210772 	1.11697e-05 	4
429.0 	0.000208682 	1.11147e-05 	4
430.0 	0.000207054 	1.98871e-05 	3
431.0 	0.000206108 	2.04714e-05 	3
432.0 	0.000205299 	1.09188e-05 	4
433.0 	0.000203399 	2.02784e-05 	3
434.0 	0.000202498 	1.07918e-05 	4
435.0 	0.000200601 	1.9518e-05 	3
436.0 	0.000199648 	1.99592e-05 	3
437.0 	0.000198718 	1.06248e-05 	4
438.0 	0.000196596 	1.93171e-05 	3
439.0 	0.000195564 	1.0519e-05 	4
440.0 	0.000193623 	1.83497e-05 	3
441.0 	0.000192573 	1.87579e-05 	3
442.0 	0.000191622 	1.0393e-05 	4
443.0 	0.000189455 	1.83445e-05 	3
444.0 	0.000188437 	1.87529e-05 	3
445.0 	0.000187629 	1.0235e-05 	4
446.0 	0.000185699 	1.80119e-05 	3
447.0 	0.000184817 	1.8219e-05 	3
448.0 	0.000183951 	1.0068e-05 	4
449.0 	0.000182045 	1.72924e-05 	3
450.0 	0.000181126 	1.75018e-05 	3
451.0 	0.000180296 	1.79233e-05 	3
452.0 	0.000179464 	9.89934e-06 	4
453.0 	0.000177448 	1.7031e-05 	3
454.0 	0.000176538 	1.71015e-05 	3
455.0 	0.000175652 	1.73524e-05 	3
456.0 	0.000174778 	9.64905e-06 	4
457.0 	0.000172781 	1.62907e-05 	3
458.0 	0.000171909 	1.63347e-05 	3
459.0 	0.0001711 	1.65949e-05 	3
460.0 	0.000170316 	1.69188e-05 	3
461.0 	0.000169513 	9.39327e-06 	4
462.0 	0.000167478 	1.58093e-05 	3
463.0 	0.000166589 	1.57429e-05 	3
464.0 	0.000165732 	1.58927e-05 	3
465.0 	0.000165018 	1.61366e-05 	3
466.0 	0.000164628 	1.63599e-05 	3
467.0 	0.000164143 	9.06338e-06 	4
468.0 	0.000162303 	1.50608e-05 	3
469.0 	0.000161705 	1.49354e-05 	3
470.0 	0.00016119 	1.50596e-05 	3
471.0 	0.000160625 	1.53073e-05 	3
472.0 	0.00015973 	1.55595e-05 	3
473.0 	0.000158491 	1.57214e-05 	3
474.0 	0.00015724 	8.75435e-06 	4
475.0 	0.000154927 	1.4343e-05 	3
476.0 	0.000153942 	1.41646e-05 	3
477.0 	0.000153085 	1.42541e-05 	3
478.0 	0.000152254 	1.44882e-05 	3
479.0 	0.0001515 	1.4746e-05 	3
480.0 	0.000150739 	1.49349e-05 	3
481.0 	0.000149943 	8.33215e-06 	4
482.0 	0.000147942 	1.37895e-05 	3
483.0 	0.000147149 	1.36386e-05 	3
484.0 	0.000146447 	1.37121e-05 	3
485.0 	0.00014582 	1.39048e-05 	3
486.0 	0.000145258 	1.41142e-05 	3
487.0 	0.000144695 	1.42647e-05 	3
488.0 	0.000144059 	1.43103e-05 	3
489.0 	0.000143366 	1.42443e-05 	3
490.0 	0.000142594 	1.409e-05 	3
491.0 	0.00014178 	1.3889e-05 	3
492.0 	0.000140958 	1.36856e-05 	3
493.0 	0.000140182 	1.35128e-05 	3
494.0 	0.000139438 	1.33869e-05 	3
495.0 	0.000138716 	1.3306e-05 	3
496.0 	0.000137993 	1.3257e-05 	3
497.0 	0.000137267 	1.32206e-05 	3
498.0 	0.000136531 	1.31788e-05 	3
499.0 	0.000135785 	1.31202e-05 	3
500.0 	0.000135043 	1.30419e-05 	3
501.0 	0.000134307 	1.2948e-05 	3
502.0 	0.000133573 	1.28465e-05 	3
503.0 	0.000132846 	1.27465e-05 	3
504.0 	0.000132124 	1.26543e-05 	3
505.0 	0.000131407 	1.25733e-05 	3
506.0 	0.000130704 	1.25027e-05 	3
507.0 	0.000130018 	1.24391e-05 	3
508.0 	0.000129341 	1.23785e-05 	3
509.0 	0.000128666 	1.23171e-05 	3
510.0 	0.000127991 	1.22521e-05 	3
511.0 	0.000127318 	1.21822e-05 	3
512.0 	0.000126649 	1.21093e-05 	3
513.0 	0.00012598 	1.20309e-05 	3
514.0 	0.000125315 	1.19521e-05 	3
515.0 	0.000124666 	1.18737e-05 	3
516.0 	0.000124014 	1.17965e-05 	3
517.0 	0.000123362 	1.17218e-05 	3
518.0 	0.000122717 	1.16484e-05 	3
519.0 	0.000122082 	1.15751e-05 	3
520.0 	0.000121469 	1.14996e-05 	3
521.0 	0.000120906 	1.14258e-05 	3
522.0 	0.000120478 	1.13548e-05 	3
523.0 	0.000120056 	1.12867e-05 	3
524.0 	0.000119569 	1.12204e-05 	3
525.0 	0.000119031 	1.11557e-05 	3
526.0 	0.000118463 	1.10921e-05 	3
527.0 	0.000117881 	1.10294e-05 	3
528.0 	0.00011729 	1.09675e-05 	3
529.0 	0.0001167 	1.09065e-05 	3
530.0 	0.000116118 	1.08461e-05 	3
531.0 	0.000115542 	1.07862e-05 	3
532.0 	0.000114969 	1.07265e-05 	3
533.0 	0.000114398 	1.06669e-05 	3
534.0 	0.000113834 	1.06072e-05 	3
535.0 	0.00011328 	1.05474e-05 	3
536.0 	0.000112747 	1.04881e-05 	3
537.0 	0.000112213 	1.04291e-05 	3
538.0 	0.00011168 	1.03701e-05 	3
539.0 	0.000111149 	1.03111e-05 	3
540.0 	0.00011062 	1.0252e-05 	3
541.0 	0.000110096 	1.01928e-05 	3
542.0 	0.000109575 	1.01337e-05 	3
543.0 	0.000109058 	1.00748e-05 	3
544.0 	0.000108548 	1.00164e-05 	3
545.0 	0.000108077 	9.95857e-06 	3
546.0 	0.000107776 	9.90149e-06 	3
547.0 	0.000107209 	9.84501e-06 	3
548.0 	0.000106635 	9.78902e-06 	3
549.0 	0.000106065 	9.73346e-06 	3
550.0 	0.000105529 	9.67844e-06 	3
551.0 	0.000105005 	9.6241e-06 	3
552.0 	0.000104491 	9.5704e-06 	3
553.0 	0.000103995 	9.51732e-06 	3
554.0 	0.000103514 	9.46491e-06 	3
555.0 	0.000103046 	9.41306e-06 	3
556.0 	0.000102587 	9.36176e-06 	3
557.0 	0.00010213 	9.31091e-06 	3
558.0 	0.000101677 	9.26048e-06 	3
559.0 	0.00010123 	9.21053e-06 	3
560.0 	0.000100788 	9.16109e-06 	3
561.0 	0.000100348 	9.11213e-06 	3
562.0 	9.99115e-05 	9.06368e-06 	3
563.0 	9.94791e-05 	9.01578e-06 	3
564.0 	9.90557e-05 	8.9686e-06 	3
565.0 	9.8634e-05 	8.92187e-06 	3
566.0 	9.82157e-05 	8.87571e-06 	3
567.0 	9.78004e-05 	8.82984e-06 	3
568.0 	9.73875e-05 	8.78408e-06 	3
569.0 	9.69769e-05 	8.73837e-06 	3
570.0 	9.65683e-05 	8.69468e-06 	3
571.0 	9.61616e-05 	8.65157e-06 	3
572.0 	9.57569e-05 	8.60814e-06 	3
573.0 	9.53677e-05 	8.56446e-06 	3
574.0 	9.50246e-05 	8.52072e-06 	3
575.0 	9.4669e-05 	8.47709e-06 	3
576.0 	9.43057e-05 	8.43361e-06 	3
577.0 	9.3937e-05 	8.39039e-06 	3
578.0 	9.35641e-05 	8.34761e-06 	3
579.0 	9.31887e-05 	8.30528e-06 	3
580.0 	9.28127e-05 	8.26032e-06 	3
581.0 	9.24366e-05 	8.21789e-06 	3
582.0 	9.20636e-05 	8.17581e-06 	3
583.0 	9.16943e-05 	8.13421e-06 	3
584.0 	9.1327e-05 	8.09315e-06 	3
585.0 	9.09605e-05 	8.05266e-06 	3
586.0 	9.05951e-05 	8.01273e-06 	3
587.0 	9.02113e-05 	7.97336e-06 	3
588.0 	8.99726e-05 	7.93473e-06 	3
589.0 	8.98692e-05 	7.89664e-06 	3
590.0 	8.97508e-05 	7.85808e-06 	3
591.0 	8.95787e-05 	7.8196e-06 	3
592.0 	8.93641e-05 	7.78145e-06 	3
593.0 	8.91196e-05 	7.74377e-06 	3
594.0 	8.88395e-05 	7.7066e-06 	3
595.0 	8.85339e-05 	7.67007e-06 	3
596.0 	8.82776e-05 	7.63511e-06 	3
597.0 	8.81465e-05 	7.60161e-06 	3
598.0 	8.80447e-05 	7.56923e-06 	3
599.0 	8.78969e-05 	7.53717e-06 	3
600.0 	8.76862e-05 	7.5047e-06 	3
601.0 	8.74189e-05 	7.47138e-06 	3
602.0 	8.71108e-05 	7.43716e-06 	3
603.0 	8.67784e-05 	7.40214e-06 	3
604.0 	8.64043e-05 	7.36665e-06 	3
605.0 	8.61126e-05 	7.33095e-06 	3
606.0 	8.59307e-05 	7.29564e-06 	3
607.0 	8.57311e-05 	7.26116e-06 	3
608.0 	8.55233e-05 	7.22763e-06 	3
609.0 	8.52994e-05 	7.19492e-06 	3
610.0 	8.50424e-05 	7.16286e-06 	3
611.0 	8.47639e-05 	7.13117e-06 	3
612.0 	8.44723e-05 	7.09968e-06 	3
613.0 	8.41644e-05 	7.06831e-06 	3
614.0 	8.3637e-05 	7.03748e-06 	3
615.0 	8.31221e-05 	7.00716e-06 	3
616.0 	8.25962e-05 	6.97617e-06 	3
617.0 	8.23206e-05 	6.94474e-06 	3
618.0 	8.24647e-05 	6.91432e-06 	3
619.0 	8.26203e-05 	6.88452e-06 	3
620.0 	8.26864e-05 	6.85651e-06 	3
621.0 	8.27432e-05 	6.83009e-06 	3
622.0 	8.27686e-05 	6.80428e-06 	3
623.0 	8.26805e-05 	6.77813e-06 	3
624.0 	8.25e-05 	6.75131e-06 	3
625.0 	8.22558e-05 	6.72375e-06 	3
626.0 	8.19773e-05 	6.69555e-06 	3
627.0 	8.16789e-05 	6.66705e-06 	3
628.0 	8.13674e-05 	6.63851e-06 	3
629.0 	8.05954e-05 	6.61083e-06 	3
630.0 	7.97658e-05 	6.58362e-06 	3
631.0 	7.91271e-05 	6.55643e-06 	3
632.0 	7.86826e-05 	6.52922e-06 	3
633.0 	7.82107e-05 	6.50228e-06 	3
634.0 	7.76659e-05 	6.47561e-06 	3
635.0 	7.72205e-05 	6.4495e-06 	3
636.0 	7.6869e-05 	6.42407e-06 	3
637.0 	7.65453e-05 	6.39938e-06 	3
638.0 	7.62479e-05 	6.37524e-06 	3
639.0 	7.5972e-05 	6.35622e-06 	3
640.0 	7.57106e-05 	6.33172e-06 	3
641.0 	7.54577e-05 	6.30578e-06 	3
642.0 	7.5212e-05 	6.27197e-06 	3
643.0 	7.49667e-05 	6.24215e-06 	3
644.0 	7.47203e-05 	6.21803e-06 	3
645.0 	7.44722e-05 	6.18843e-06 	3
646.0 	7.42255e-05 	6.16387e-06 	3
647.0 	7.39834e-05 	6.13329e-06 	3
648.0 	7.3745e-05 	6.10459e-06 	3
649.0 	7.351e-05 	6.07774e-06 	3
650.0 	7.32774e-05 	6.05267e-06 	3
651.0 	7.30474e-05 	6.02939e-06 	3
652.0 	7.282e-05 	6.00705e-06 	3
653.0 	7.25995e-05 	5.98582e-06 	3
654.0 	7.23836e-05 	5.96583e-06 	3
655.0 	7.21655e-05 	5.94655e-06 	3
656.0 	7.19475e-05 	5.92779e-06 	3
657.0 	7.17286e-05 	5.90936e-06 	3
658.0 	7.15094e-05 	5.89135e-06 	3
659.0 	7.12903e-05 	5.87412e-06 	3
660.0 	7.10721e-05 	5.85797e-06 	3
661.0 	7.08561e-05 	5.84311e-06 	3
662.0 	7.06021e-05 	5.82982e-06 	3
663.0 	7.03766e-05 	5.81651e-06 	3
664.0 	7.016e-05 	5.80276e-06 	3
665.0 	6.99443e-05 	5.78832e-06 	3
666.0 	6.97341e-05 	5.77303e-06 	3
667.0 	6.95249e-05 	5.75671e-06 	3
668.0 	6.93175e-05 	5.73916e-06 	3
669.0 	6.91092e-05 	5.72046e-06 	3
670.0 	6.89008e-05 	5.70073e-06 	3
671.0 	6.86946e-05 	5.68011e-06 	3
672.0 	6.84902e-05 	5.65878e-06 	3
673.0 	6.82849e-05 	5.63711e-06 	3
674.0 	6.80774e-05 	5.61526e-06 	3
675.0 	6.7872e-05 	5.59371e-06 	3
676.0 	6.76701e-05 	5.57277e-06 	3
677.0 	6.74716e-05 	5.55267e-06 	3
678.0 	6.72765e-05 	5.5335e-06 	3
679.0 	6.70853e-05 	5.5159e-06 	3
680.0 	6.69005e-05 	5.50077e-06 	3
681.0 	6.67192e-05 	5.48731e-06 	3
682.0 	6.65419e-05 	5.47521e-06 	3
683.0 	6.63662e-05 	5.46416e-06 	3
684.0 	6.61917e-05 	5.45401e-06 	3
685.0 	6.60232e-05 	5.44435e-06 	3
686.0 	6.58779e-05 	5.43378e-06 	3
687.0 	6.57289e-05 	5.42226e-06 	3
688.0 	6.55713e-05 	5.41007e-06 	3
689.0 	6.5408e-05 	5.38995e-06 	3
690.0 	6.52479e-05 	5.38515e-06 	3
691.0 	6.50855e-05 	5.37971e-06 	3
692.0 	6.49226e-05 	5.3719e-06 	3
693.0 	6.47503e-05 	5.37124e-06 	3
694.0 	6.45706e-05 	5.34876e-06 	3
695.0 	6.43927e-05 	5.32428e-06 	3
696.0 	6.43115e-05 	5.30092e-06 	3
697.0 	6.43421e-05 	5.28062e-06 	3
698.0 	6.43197e-05 	5.25721e-06 	3
699.0 	6.42547e-05 	5.25184e-06 	3
700.0 	6.41529e-05 	5.2549e-06 	3
701.0 	6.40144e-05 	5.23468e-06 	3
702.0 	6.38973e-05 	5.23356e-06 	3
703.0 	6.38488e-05 	5.20883e-06 	3
704.0 	6.38026e-05 	5.19712e-06 	3
705.0 	6.37235e-05 	5.19371e-06 	3
706.0 	6.36087e-05 	5.16749e-06 	3
707.0 	6.34874e-05 	5.15698e-06 	3
708.0 	6.33558e-05 	5.15582e-06 	3
709.0 	6.32148e-05 	5.13453e-06 	3
710.0 	6.32265e-05 	5.12894e-06 	3
711.0 	6.32719e-05 	5.12452e-06 	3
712.0 	6.32468e-05 	5.11932e-06 	3
713.0 	6.31706e-05 	5.11991e-06 	3
714.0 	6.30268e-05 	5.09592e-06 	3
715.0 	6.28316e-05 	5.08527e-06 	3
716.0 	6.26321e-05 	5.07511e-06 	3
717.0 	6.24853e-05 	5.06489e-06 	3
718.0 	6.23396e-05 	5.0542e-06 	3
719.0 	6.21986e-05 	5.04997e-06 	3
720.0 	6.20395e-05 	5.02316e-06 	3
721.0 	6.18791e-05 	5.01079e-06 	3
722.0 	6.17139e-05 	4.99996e-06 	3
723.0 	6.15461e-05 	4.99e-06 	3
724.0 	6.13768e-05 	4.98026e-06 	3
725.0 	6.12068e-05 	4.97035e-06 	3
726.0 	6.10364e-05 	4.96003e-06 	3
727.0 	6.08657e-05 	4.94932e-06 	3
728.0 	6.06961e-05 	4.93839e-06 	3
729.0 	6.05286e-05 	4.92748e-06 	3
730.0 	6.03653e-05 	4.91675e-06 	3
731.0 	6.02043e-05 	4.90639e-06 	3
732.0 	6.00437e-05 	4.89629e-06 	3
733.0 	5.98838e-05 	4.88643e-06 	3
734.0 	5.9724e-05 	4.87667e-06 	3
735.0 	5.95641e-05 	4.86686e-06 	3
736.0 	5.94043e-05 	4.85681e-06 	3
737.0 	5.92457e-05 	4.84646e-06 	3
738.0 	5.90828e-05 	4.83599e-06 	3
739.0 	5.89078e-05 	4.82579e-06 	3
740.0 	5.87419e-05 	4.8155e-06 	3
741.0 	5.85876e-05 	4.80509e-06 	3
742.0 	5.84368e-05 	4.79453e-06 	3
743.0 	5.82863e-05 	4.78385e-06 	3
744.0 	5.81353e-05 	4.77313e-06 	3
745.0 	5.7982e-05 	4.76239e-06 	3
746.0 	5.78259e-05 	4.7517e-06 	3
747.0 	5.76699e-05 	4.74208e-06 	3
748.0 	5.75145e-05 	4.73134e-06 	3
749.0 	5.73589e-05 	4.72075e-06 	3
750.0 	5.7204e-05 	4.72086e-06 	3
751.0 	5.70409e-05 	4.70466e-06 	3
752.0 	5.68777e-05 	4.68791e-06 	3
753.0 	5.67089e-05 	4.67112e-06 	3
754.0 	5.65568e-05 	4.65601e-06 	3
755.0 	5.64179e-05 	4.64352e-06 	3
756.0 	5.6284e-05 	4.63306e-06 	3
757.0 	5.6197e-05 	4.62208e-06 	3
758.0 	5.61152e-05 	4.61073e-06 	3
759.0 	5.60189e-05 	4.59891e-06 	3
760.0 	5.59115e-05 	4.58643e-06 	3
761.0 	5.57823e-05 	4.5734e-06 	3
762.0 	5.56445e-05 	4.56002e-06 	3
763.0 	5.55043e-05 	4.54669e-06 	3
764.0 	5.53618e-05 	4.53383e-06 	3
765.0 	5.52206e-05 	4.52186e-06 	3
766.0 	5.50821e-05 	4.51082e-06 	3
767.0 	5.49458e-05 	4.49093e-06 	3
768.0 	5.48156e-05 	4.50082e-06 	3
769.0 	5.46867e-05 	4.49207e-06 	3
770.0 	5.45564e-05 	4.48126e-06 	3
771.0 	5.44248e-05 	4.4691e-06 	3
772.0 	5.42928e-05 	4.45655e-06 	3
773.0 	5.41616e-05 	4.44417e-06 	3
774.0 	5.40325e-05 	4.43219e-06 	3
775.0 	5.39143e-05 	4.4208e-06 	3
776.0 	5.37942e-05 	4.41006e-06 	3
777.0 	5.36727e-05 	4.39983e-06 	3
778.0 	5.35505e-05 	4.38985e-06 	3
779.0 	5.3428e-05 	4.37998e-06 	3
780.0 	5.33063e-05 	4.37012e-06 	3
781.0 	5.31855e-05 	4.35982e-06 	3
782.0 	5.30645e-05 	4.34911e-06 	3
783.0 	5.2949e-05 	4.33812e-06 	3
784.0 	5.28389e-05 	4.32699e-06 	3
785.0 	5.273e-05 	4.31583e-06 	3
786.0 	5.2622e-05 	4.30473e-06 	3
787.0 	5.24201e-05 	4.29384e-06 	3
788.0 	5.22253e-05 	4.28328e-06 	3
789.0 	5.21383e-05 	4.2728e-06 	3
790.0 	5.22038e-05 	4.26206e-06 	3
791.0 	5.21746e-05 	4.25122e-06 	3
792.0 	5.21102e-05 	4.23973e-06 	3
793.0 	5.21053e-05 	4.22709e-06 	3
794.0 	5.20248e-05 	4.21478e-06 	3
795.0 	5.1919e-05 	4.20286e-06 	3
796.0 	5.17826e-05 	4.19152e-06 	3
797.0 	5.16536e-05 	4.18062e-06 	3
798.0 	5.153e-05 	4.16999e-06 	3
799.0 	5.14006e-05 	4.15949e-06 	3
800.0 	5.12711e-05 	4.14905e-06 	3
801.0 	5.11444e-05 	4.13863e-06 	3
802.0 	5.10221e-05 	4.12825e-06 	3
803.0 	5.09023e-05 	4.11784e-06 	3
804.0 	5.07825e-05 	4.10739e-06 	3
805.0 	5.06615e-05 	4.09691e-06 	3
806.0 	5.05389e-05 	4.08641e-06 	3
807.0 	5.04147e-05 	4.07586e-06 	3
808.0 	5.02896e-05 	4.06525e-06 	3
809.0 	5.01641e-05 	4.05455e-06 	3
810.0 	5.0035e-05 	4.04373e-06 	3
811.0 	4.99057e-05 	4.03278e-06 	3
812.0 	4.97793e-05 	4.02171e-06 	3
813.0 	4.96602e-05 	4.01059e-06 	3
814.0 	4.95424e-05 	3.99947e-06 	3
815.0 	4.94243e-05 	3.98838e-06 	3
816.0 	4.93052e-05 	3.97735e-06 	3
817.0 	4.91709e-05 	3.96674e-06 	3
818.0 	4.90246e-05 	3.95667e-06 	3
819.0 	4.88894e-05 	3.947e-06 	3
820.0 	4.87848e-05 	3.93756e-06 	3
821.0 	4.86903e-05 	3.92814e-06 	3
822.0 	4.85881e-05 	3.91855e-06 	3
823.0 	4.84789e-05 	3.90868e-06 	3
824.0 	4.83658e-05 	3.89846e-06 	3
825.0 	4.82544e-05 	3.88793e-06 	3
826.0 	4.8141e-05 	3.87714e-06 	3
827.0 	4.80253e-05 	3.8662e-06 	3
828.0 	4.79076e-05 	3.85524e-06 	3
829.0 	4.77892e-05 	3.84436e-06 	3
830.0 	4.76718e-05 	3.83359e-06 	3
831.0 	4.75537e-05 	3.82295e-06 	3
832.0 	4.7435e-05 	3.81241e-06 	3
833.0 	4.73162e-05 	3.80193e-06 	3
834.0 	4.71677e-05 	3.79121e-06 	3
835.0 	4.70963e-05 	3.77994e-06 	3
836.0 	4.71561e-05 	3.76877e-06 	3
837.0 	4.71668e-05 	3.75767e-06 	3
838.0 	4.71349e-05 	3.7465e-06 	3
839.0 	4.70705e-05 	3.7352e-06 	3
840.0 	4.69821e-05 	3.72388e-06 	3
841.0 	4.68777e-05 	3.7126e-06 	3
842.0 	4.67638e-05 	3.70142e-06 	3
843.0 	4.66458e-05 	3.69035e-06 	3
844.0 	4.65271e-05 	3.67941e-06 	3
845.0 	4.6407e-05 	3.66856e-06 	3
846.0 	4.62863e-05 	3.65778e-06 	3
847.0 	4.61652e-05 	3.64703e-06 	3
848.0 	4.60435e-05 	3.63631e-06 	3
849.0 	4.59211e-05 	3.6256e-06 	3
850.0 	4.57999e-05 	3.61485e-06 	3
851.0 	4.56777e-05 	3.60409e-06 	3
852.0 	4.55556e-05 	3.5934e-06 	3
853.0 	4.54332e-05 	3.58281e-06 	3
854.0 	4.53103e-05 	3.57234e-06 	3
855.0 	4.51954e-05 	3.56197e-06 	3
856.0 	4.50884e-05 	3.55174e-06 	3
857.0 	4.49831e-05 	3.54163e-06 	3
858.0 	4.48727e-05 	3.53161e-06 	3
859.0 	4.4757e-05 	3.52161e-06 	3
860.0 	4.46372e-05 	3.51158e-06 	3
861.0 	4.45144e-05 	3.50149e-06 	3
862.0 	4.43898e-05 	3.4913e-06 	3
863.0 	4.42643e-05 	3.48102e-06 	3
864.0 	4.41383e-05 	3.47065e-06 	3
865.0 	4.40122e-05 	3.46022e-06 	3
866.0 	4.38856e-05 	3.44973e-06 	3
867.0 	4.37546e-05 	3.43952e-06 	3
868.0 	4.36902e-05 	3.42958e-06 	3
869.0 	4.36865e-05 	3.41972e-06 	3
870.0 	4.36596e-05 	3.4098e-06 	3
871.0 	4.36e-05 	3.39966e-06 	3
872.0 	4.35197e-05 	3.38925e-06 	3
873.0 	4.3423e-05 	3.37872e-06 	3
874.0 	4.33138e-05 	3.36814e-06 	3
875.0 	4.31974e-05 	3.35759e-06 	3
876.0 	4.30776e-05 	3.34712e-06 	3
877.0 	4.29598e-05 	3.33577e-06 	3
878.0 	4.28406e-05 	3.32427e-06 	3
879.0 	4.27209e-05 	3.31307e-06 	3
880.0 	4.26011e-05 	3.30221e-06 	3
881.0 	4.25004e-05 	3.2916e-06 	3
882.0 	4.24012e-05 	3.28114e-06 	3
883.0 	4.22949e-05 	3.27081e-06 	3
884.0 	4.21824e-05 	3.26061e-06 	3
885.0 	4.20542e-05 	3.25045e-06 	3
886.0 	4.19236e-05 	3.24035e-06 	3
887.0 	4.17947e-05 	3.23033e-06 	3
888.0 	4.16795e-05 	3.2204e-06 	3
889.0 	4.15634e-05 	3.21052e-06 	3
890.0 	4.14448e-05 	3.20066e-06 	3
891.0 	4.13238e-05 	3.19078e-06 	3
892.0 	4.12007e-05 	3.18086e-06 	3
893.0 	4.10758e-05 	3.17091e-06 	3
894.0 	4.09494e-05 	3.16093e-06 	3
895.0 	4.08219e-05 	3.15095e-06 	3
896.0 	4.06938e-05 	3.14096e-06 	3
897.0 	4.05652e-05 	3.131e-06 	3
898.0 	4.04364e-05 	3.12107e-06 	3
899.0 	4.03086e-05 	3.1112e-06 	3
900.0 	4.02014e-05 	3.10113e-06 	3
901.0 	4.01034e-05 	3.09128e-06 	3
902.0 	3.99992e-05 	3.0815e-06 	3
903.0 	3.98863e-05 	3.07174e-06 	3
904.0 	3.9765e-05 	3.062e-06 	3
905.0 	3.96384e-05 	3.05234e-06 	3
906.0 	3.95128e-05 	3.04276e-06 	3
907.0 	3.9386e-05 	3.03323e-06 	3
908.0 	3.92604e-05 	3.02374e-06 	3
909.0 	3.91346e-05 	3.01428e-06 	3
910.0 	3.90109e-05 	3.00482e-06 	3
911.0 	3.88902e-05 	2.99534e-06 	3
912.0 	3.87696e-05 	2.98583e-06 	3
913.0 	3.86489e-05 	2.97631e-06 	3
914.0 	3.85286e-05 	2.96678e-06 	3
915.0 	3.84085e-05 	2.95723e-06 	3
916.0 	3.82904e-05 	2.94763e-06 	3
917.0 	3.81725e-05 	2.93804e-06 	3
918.0 	3.80551e-05 	2.92845e-06 	3
919.0 	3.79389e-05 	2.91888e-06 	3
920.0 	3.78222e-05 	2.90934e-06 	3
921.0 	3.77052e-05 	2.89982e-06 	3
922.0 	3.75887e-05 	2.89034e-06 	3
923.0 	3.74722e-05 	2.88088e-06 	3
924.0 	3.73557e-05 	2.87144e-06 	3
925.0 	3.72394e-05 	2.86203e-06 	3
926.0 	3.71231e-05 	2.85262e-06 	3
927.0 	3.70069e-05 	2.84322e-06 	3
928.0 	3.68944e-05 	2.83382e-06 	3
929.0 	3.6782e-05 	2.82445e-06 	3
930.0 	3.66692e-05 	2.81508e-06 	3
931.0 	3.65569e-05 	2.80574e-06 	3
932.0 	3.64592e-05 	2.7964e-06 	3
933.0 	3.63688e-05 	2.78707e-06 	3
934.0 	3.6275e-05 	2.77774e-06 	3
935.0 	3.61754e-05 	2.76843e-06 	3
936.0 	3.60705e-05 	2.75912e-06 	3
937.0 	3.59648e-05 	2.74983e-06 	3
938.0 	3.58565e-05 	2.74053e-06 	3
939.0 	3.57456e-05 	2.73125e-06 	3
940.0 	3.56329e-05 	2.72198e-06 	3
941.0 	3.55192e-05 	2.71271e-06 	3
942.0 	3.54049e-05 	2.70345e-06 	3
943.0 	3.52903e-05 	2.6942e-06 	3
944.0 	3.51743e-05 	2.68497e-06 	3
945.0 	3.50533e-05 	2.67573e-06 	3
946.0 	3.49326e-05 	2.66651e-06 	3
947.0 	3.48143e-05 	2.65731e-06 	3
948.0 	3.46976e-05 	2.64815e-06 	3
949.0 	3.45817e-05 	2.63901e-06 	3
950.0 	3.44664e-05 	2.6299e-06 	3
951.0 	3.43514e-05 	2.62079e-06 	3
952.0 	3.42365e-05 	2.61168e-06 	3
953.0 	3.41213e-05 	2.60257e-06 	3
954.0 	3.40034e-05 	2.59371e-06 	3
955.0 	3.39391e-05 	2.5847e-06 	3
956.0 	3.3915e-05 	2.5756e-06 	3
957.0 	3.38619e-05 	2.56653e-06 	3
958.0 	3.37876e-05 	2.55752e-06 	3
959.0 	3.36995e-05 	2.54855e-06 	3
960.0 	3.36026e-05 	2.53959e-06 	3
961.0 	3.3497e-05 	2.53062e-06 	3
962.0 	3.33707e-05 	2.52166e-06 	3
963.0 	3.32459e-05 	2.5127e-06 	3
964.0 	3.3124e-05 	2.50375e-06 	3
965.0 	3.30059e-05 	2.4948e-06 	3
966.0 	3.28903e-05 	2.48587e-06 	3
967.0 	3.27763e-05 	2.47696e-06 	3
968.0 	3.26631e-05 	2.46814e-06 	3
969.0 	3.25495e-05 	2.45934e-06 	3
970.0 	3.24353e-05 	2.45049e-06 	3
971.0 	3.23209e-05 	2.44159e-06 	3
972.0 	3.22071e-05 	2.43266e-06 	3
973.0 	3.20939e-05 	2.42371e-06 	3
974.0 	3.19809e-05 	2.41479e-06 	3
975.0 	3.18662e-05 	2.40587e-06 	3
976.0 	3.17517e-05 	2.39698e-06 	3
977.0 	3.16375e-05 	2.38811e-06 	3
978.0 	3.15236e-05 	2.37927e-06 	3
979.0 	3.14098e-05 	2.37047e-06 	3
980.0 	3.12557e-05 	2.36159e-06 	3
981.0 	3.10857e-05 	2.35262e-06 	3
982.0 	3.09313e-05 	2.34361e-06 	3
983.0 	3.08049e-05 	2.33461e-06 	3
984.0 	3.06916e-05 	2.32562e-06 	3
985.0 	3.05804e-05 	2.31666e-06 	3
986.0 	3.04721e-05 	2.30773e-06 	3
987.0 	3.03628e-05 	2.29884e-06 	3
988.0 	3.02536e-05 	2.29e-06 	3
989.0 	3.01448e-05 	2.28122e-06 	3
990.0 	3.00369e-05 	2.27248e-06 	3
991.0 	2.99298e-05 	2.26379e-06 	3
992.0 	2.9823e-05 	2.25514e-06 	3
993.0 	2.97166e-05 	2.24653e-06 	3
994.0 	2.96102e-05 	2.23796e-06 	3
995.0 	2.95038e-05 	2.22942e-06 	3
996.0 	2.93973e-05 	2.2209e-06 	3
997.0 	2.92907e-05 	2.21241e-06 	3
998.0 	2.91841e-05 	2.20392e-06 	3
999.0 	2.90775e-05 	2.19545e-06 	3
1000.0 	2.8971e-05 	2.18698e-06 	3
1001.0 	2.88646e-05 	2.17853e-06 	3
1002.0 	2.87583e-05 	2.17008e-06 	3
1003.0 	2.86521e-05 	2.16165e-06 	3
1004.0 	2.85461e-05 	2.15323e-06 	3
1005.0 	2.84404e-05 	2.14484e-06 	3
1006.0 	2.83348e-05 	2.13648e-06 	3
1007.0 	2.82294e-05 	2.12814e-06 	3
1008.0 	2.81242e-05 	2.11984e-06 	3
1009.0 	2.80192e-05 	2.11158e-06 	3
1010.0 	2.79143e-05 	2.10339e-06 	3
1011.0 	2.78108e-05 	2.09525e-06 	3
1012.0 	2.77072e-05 	2.08707e-06 	3
1013.0 	2.76035e-05 	2.07883e-06 	3
1014.0 	2.74996e-05 	2.07053e-06 	3
1015.0 	2.73958e-05 	2.06222e-06 	3
1016.0 	2.72921e-05 	2.05393e-06 	3
1017.0 	2.71887e-05 	2.04568e-06 	3
1018.0 	2.70856e-05 	2.03751e-06 	3
1019.0 	2.69827e-05 	2.02941e-06 	3
1020.0 	2.68801e-05 	2.02137e-06 	3
1021.0 	2.67776e-05 	2.01338e-06 	3
1022.0 	2.66754e-05 	2.00541e-06 	3
1023.0 	2.65735e-05 	1.99744e-06 	3
1024.0 	2.64719e-05 	1.98947e-06 	3
1025.0 	2.63706e-05 	1.98149e-06 	3
1026.0 	2.62701e-05 	1.97351e-06 	3
1027.0 	2.61697e-05 	1.96554e-06 	3
1028.0 	2.60695e-05 	1.9576e-06 	3
1029.0 	2.59694e-05 	1.94967e-06 	3
1030.0 	2.58696e-05 	1.94178e-06 	3
1031.0 	2.57699e-05 	1.93392e-06 	3
1032.0 	2.56705e-05 	1.92609e-06 	3
1033.0 	2.55712e-05 	1.91829e-06 	3
1034.0 	2.54722e-05 	1.91051e-06 	3
1035.0 	2.53733e-05 	1.90274e-06 	3
1036.0 	2.5276e-05 	1.89446e-06 	3
1037.0 	2.52163e-05 	1.88558e-06 	3
1038.0 	2.52385e-05 	1.87679e-06 	3
1039.0 	2.52296e-05 	1.86824e-06 	3
1040.0 	2.51879e-05 	1.85989e-06 	3
1041.0 	2.51215e-05 	1.8517e-06 	3
1042.0 	2.50388e-05 	1.84365e-06 	3
1043.0 	2.4947e-05 	1.83572e-06 	3
1044.0 	2.48507e-05 	1.82793e-06 	3
1045.0 	2.47529e-05 	1.82025e-06 	3
1046.0 	2.46549e-05 	1.81268e-06 	3
1047.0 	2.45571e-05 	1.80518e-06 	3
1048.0 	2.44595e-05 	1.79773e-06 	3
1049.0 	2.4362e-05 	1.79029e-06 	3
1050.0 	2.42645e-05 	1.78286e-06 	3
1051.0 	2.41671e-05 	1.77542e-06 	3
1052.0 	2.40698e-05 	1.76797e-06 	3
1053.0 	2.39726e-05 	1.76052e-06 	3
1054.0 	2.38755e-05 	1.75308e-06 	3
1055.0 	2.37789e-05 	1.74567e-06 	3
1056.0 	2.36825e-05 	1.73829e-06 	3
1057.0 	2.35863e-05 	1.73096e-06 	3
1058.0 	2.34903e-05 	1.72366e-06 	3
1059.0 	2.33946e-05 	1.71641e-06 	3
1060.0 	2.3299e-05 	1.70918e-06 	3
1061.0 	2.32036e-05 	1.70198e-06 	3
1062.0 	2.31085e-05 	1.69479e-06 	3
1063.0 	2.30135e-05 	1.68762e-06 	3
1064.0 	2.29189e-05 	1.68046e-06 	3
1065.0 	2.28244e-05 	1.67332e-06 	3
1066.0 	2.27302e-05 	1.66619e-06 	3
1067.0 	2.26363e-05 	1.65908e-06 	3
1068.0 	2.25427e-05 	1.652e-06 	3
1069.0 	2.24494e-05 	1.64494e-06 	3
1070.0 	2.23563e-05 	1.6379e-06 	3
1071.0 	2.22634e-05 	1.63089e-06 	3
1072.0 	2.21708e-05 	1.6239e-06 	3
1073.0 	2.20784e-05 	1.61693e-06 	3
1074.0 	2.19863e-05 	1.60998e-06 	3
1075.0 	2.18961e-05 	1.60304e-06 	3
1076.0 	2.18074e-05 	1.59611e-06 	3
1077.0 	2.17175e-05 	1.5892e-06 	3
1078.0 	2.16286e-05 	1.58232e-06 	3
1079.0 	2.15396e-05 	1.57547e-06 	3
1080.0 	2.14512e-05 	1.56864e-06 	3
1081.0 	2.13628e-05 	1.56185e-06 	3
1082.0 	2.12744e-05 	1.55508e-06 	3
1083.0 	2.11862e-05 	1.54835e-06 	3
1084.0 	2.10983e-05 	1.54164e-06 	3
1085.0 	2.10106e-05 	1.53494e-06 	3
1086.0 	2.0923e-05 	1.52827e-06 	3
1087.0 	2.08357e-05 	1.52162e-06 	3
1088.0 	2.07486e-05 	1.51498e-06 	3
1089.0 	2.06617e-05 	1.50836e-06 	3
1090.0 	2.05751e-05 	1.50176e-06 	3
1091.0 	2.04887e-05 	1.49518e-06 	3
1092.0 	2.04021e-05 	1.48862e-06 	3
1093.0 	2.03129e-05 	1.48204e-06 	3
1094.0 	2.02243e-05 	1.47549e-06 	3
1095.0 	2.01371e-05 	1.46896e-06 	3
1096.0 	2.00512e-05 	1.46247e-06 	3
1097.0 	1.99661e-05 	1.45602e-06 	3
1098.0 	1.98811e-05 	1.44961e-06 	3
1099.0 	1.97962e-05 	1.44324e-06 	3
1100.0 	1.97115e-05 	1.43688e-06 	3
1101.0 	1.96271e-05 	1.43053e-06 	3
1102.0 	1.95432e-05 	1.42418e-06 	3
1103.0 	1.94599e-05 	1.41784e-06 	3
1104.0 	1.9377e-05 	1.41152e-06 	3
1105.0 	1.92945e-05 	1.40522e-06 	3
1106.0 	1.92124e-05 	1.39895e-06 	3
1107.0 	1.91306e-05 	1.39271e-06 	3
1108.0 	1.9049e-05 	1.38649e-06 	3
1109.0 	1.89677e-05 	1.3803e-06 	3
1110.0 	1.88865e-05 	1.37414e-06 	3
1111.0 	1.88056e-05 	1.368e-06 	3
1112.0 	1.87249e-05 	1.36188e-06 	3
1113.0 	1.86444e-05 	1.35577e-06 	3
1114.0 	1.85641e-05 	1.34969e-06 	3
1115.0 	1.84841e-05 	1.34363e-06 	3
1116.0 	1.84043e-05 	1.33759e-06 	3
1117.0 	1.83247e-05 	1.33157e-06 	3
1118.0 	1.82453e-05 	1.32557e-06 	3
1119.0 	1.81663e-05 	1.3196e-06 	3
1120.0 	1.80844e-05 	1.3136e-06 	3
1121.0 	1.79808e-05 	1.30722e-06 	3
1122.0 	1.78886e-05 	1.30072e-06 	3
1123.0 	1.78043e-05 	1.29424e-06 	3
1124.0 	1.77299e-05 	1.28783e-06 	3
1125.0 	1.76555e-05 	1.28154e-06 	3
1126.0 	1.75801e-05 	1.27542e-06 	3
1127.0 	1.75046e-05 	1.26948e-06 	3
1128.0 	1.74294e-05 	1.26373e-06 	3
1129.0 	1.73542e-05 	1.25812e-06 	3
1130.0 	1.72791e-05 	1.25258e-06 	3
1131.0 	1.72039e-05 	1.24706e-06 	3
1132.0 	1.71288e-05 	1.2415e-06 	3
1133.0 	1.70537e-05 	1.23588e-06 	3
1134.0 	1.69789e-05 	1.23021e-06 	3
1135.0 	1.69045e-05 	1.2245e-06 	3
1136.0 	1.68304e-05 	1.21879e-06 	3
1137.0 	1.67566e-05 	1.2131e-06 	3
1138.0 	1.66829e-05 	1.20746e-06 	3
1139.0 	1.66094e-05 	1.20188e-06 	3
1140.0 	1.6536e-05 	1.19634e-06 	3
1141.0 	1.64627e-05 	1.19084e-06 	3
1142.0 	1.63895e-05 	1.18536e-06 	3
1143.0 	1.63163e-05 	1.17989e-06 	3
1144.0 	1.62433e-05 	1.17442e-06 	3
1145.0 	1.61705e-05 	1.16894e-06 	3
1146.0 	1.60978e-05 	1.16348e-06 	3
1147.0 	1.60254e-05 	1.15821e-06 	3
1148.0 	1.59531e-05 	1.15357e-06 	3
1149.0 	1.58805e-05 	1.14891e-06 	3
1150.0 	1.58072e-05 	1.14399e-06 	3
1151.0 	1.57331e-05 	1.13885e-06 	3
1152.0 	1.56583e-05 	1.13359e-06 	3
1153.0 	1.55831e-05 	1.12831e-06 	3
1154.0 	1.55088e-05 	1.12306e-06 	3
1155.0 	1.54382e-05 	1.11786e-06 	3
1156.0 	1.53672e-05 	1.1127e-06 	3
1157.0 	1.52968e-05 	1.10757e-06 	3
1158.0 	1.52272e-05 	1.10244e-06 	3
1159.0 	1.51583e-05 	1.09731e-06 	3
1160.0 	1.509e-05 	1.09217e-06 	3
1161.0 	1.5022e-05 	1.08705e-06 	3
1162.0 	1.49542e-05 	1.08194e-06 	3
1163.0 	1.48869e-05 	1.07686e-06 	3
1164.0 	1.48204e-05 	1.07181e-06 	3
1165.0 	1.4754e-05 	1.06676e-06 	3
1166.0 	1.46878e-05 	1.06174e-06 	3
1167.0 	1.46216e-05 	1.05675e-06 	3
1168.0 	1.45556e-05 	1.0518e-06 	3
1169.0 	1.44908e-05 	1.04682e-06 	3
1170.0 	1.44393e-05 	1.04175e-06 	3
1171.0 	1.44061e-05 	1.03664e-06 	3
1172.0 	1.439e-05 	1.03156e-06 	3
1173.0 	1.43609e-05 	1.02649e-06 	3
1174.0 	1.43185e-05 	1.02144e-06 	3
1175.0 	1.42662e-05 	1.01643e-06 	3
1176.0 	1.4208e-05 	1.01149e-06 	3
1177.0 	1.41485e-05 	1.00657e-06 	3
1178.0 	1.40833e-05 	1.00182e-06 	3
1179.0 	1.40179e-05 	9.97154e-07 	3
1180.0 	1.39559e-05 	9.925e-07 	3
1181.0 	1.38939e-05 	9.87829e-07 	3
1182.0 	1.38344e-05 	9.83147e-07 	3
1183.0 	1.37819e-05 	9.78474e-07 	3
1184.0 	1.37269e-05 	9.73821e-07 	3
1185.0 	1.36696e-05 	9.69191e-07 	3
1186.0 	1.36105e-05 	9.64581e-07 	3
1187.0 	1.35501e-05 	9.59986e-07 	3
1188.0 	1.34889e-05 	9.55404e-07 	3
1189.0 	1.34273e-05 	9.5084e-07 	3
1190.0 	1.33657e-05 	9.46297e-07 	3
1191.0 	1.33041e-05 	9.41774e-07 	3
1192.0 	1.32426e-05 	9.37273e-07 	3
1193.0 	1.31813e-05 	9.32792e-07 	3
1194.0 	1.31202e-05 	9.2833e-07 	3
1195.0 	1.30593e-05 	9.23885e-07 	3
1196.0 	1.29986e-05 	9.19451e-07 	3
1197.0 	1.29382e-05 	9.15028e-07 	3
1198.0 	1.28779e-05 	9.10614e-07 	3
1199.0 	1.28179e-05 	9.06211e-07 	3
1200.0 	1.27581e-05 	9.01822e-07 	3
1201.0 	1.26985e-05 	8.97449e-07 	3
1202.0 	1.26391e-05 	8.93095e-07 	3
1203.0 	1.25799e-05 	8.88761e-07 	3
1204.0 	1.2521e-05 	8.84448e-07 	3
1205.0 	1.24623e-05 	8.80156e-07 	3
1206.0 	1.24038e-05 	8.75884e-07 	3
1207.0 	1.23456e-05 	8.71632e-07 	3
1208.0 	1.22864e-05 	8.67417e-07 	3
1209.0 	1.2323e-05 	8.6342e-07 	3
1210.0 	1.24034e-05 	8.59703e-07 	3
1211.0 	1.24925e-05 	8.56104e-07 	3
1212.0 	1.25326e-05 	8.52351e-07 	3
1213.0 	1.25359e-05 	8.48344e-07 	3
1214.0 	1.25118e-05 	8.44129e-07 	3
1215.0 	1.24696e-05 	8.39827e-07 	3
1216.0 	1.24189e-05 	8.35575e-07 	3
1217.0 	1.23622e-05 	8.31467e-07 	3
1218.0 	1.23035e-05 	8.27561e-07 	3
1219.0 	1.22461e-05 	8.23853e-07 	3
1220.0 	1.21894e-05 	8.20297e-07 	3
1221.0 	1.21334e-05 	8.16817e-07 	3
1222.0 	1.2078e-05 	8.13328e-07 	3
1223.0 	1.20229e-05 	8.09766e-07 	3
1224.0 	1.19681e-05 	8.06089e-07 	3
1225.0 	1.19136e-05 	8.02286e-07 	3
1226.0 	1.18595e-05 	7.9838e-07 	3
1227.0 	1.18058e-05 	7.9441e-07 	3
1228.0 	1.17526e-05 	7.9042e-07 	3
1229.0 	1.16997e-05 	7.86448e-07 	3
1230.0 	1.16471e-05 	7.82521e-07 	3
1231.0 	1.15946e-05 	7.78643e-07 	3
1232.0 	1.15421e-05 	7.74807e-07 	3
1233.0 	1.14895e-05 	7.70997e-07 	3
1234.0 	1.14367e-05 	7.67196e-07 	3
1235.0 	1.13837e-05 	7.63388e-07 	3
1236.0 	1.13306e-05 	7.59566e-07 	3
1237.0 	1.12773e-05 	7.55729e-07 	3
1238.0 	1.12239e-05 	7.51885e-07 	3
1239.0 	1.11703e-05 	7.4804e-07 	3
1240.0 	1.11165e-05 	7.44208e-07 	3
1241.0 	1.10627e-05 	7.404e-07 	3
1242.0 	1.10088e-05 	7.36623e-07 	3
1243.0 	1.09549e-05 	7.32875e-07 	3
1244.0 	1.0901e-05 	7.29154e-07 	3
1245.0 	1.08471e-05 	7.25455e-07 	3
1246.0 	1.07932e-05 	7.21771e-07 	3
1247.0 	1.07394e-05 	7.18099e-07 	3
1248.0 	1.06856e-05 	7.14438e-07 	3
1249.0 	1.0632e-05 	7.10786e-07 	3
1250.0 	1.05785e-05 	7.07147e-07 	3
1251.0 	1.0525e-05 	7.03522e-07 	3
1252.0 	1.04717e-05 	6.99915e-07 	3
1253.0 	1.04186e-05 	6.96328e-07 	3
1254.0 	1.03656e-05 	6.92762e-07 	3
1255.0 	1.03128e-05 	6.89217e-07 	3
1256.0 	1.02602e-05 	6.85693e-07 	3
1257.0 	1.02078e-05 	6.82189e-07 	3
1258.0 	1.01556e-05 	6.78704e-07 	3
1259.0 	1.01037e-05 	6.75238e-07 	3
1260.0 	1.00519e-05 	6.71791e-07 	3
1261.0 	1.00005e-05 	6.68366e-07 	3
1262.0 	9.94921e-06 	6.64961e-07 	3
