/*--------------------------------*- C++ -*----------------------------------*\
| =========                 |                                                 |
| \\      /  F ield         | OpenFOAM: The Open Source CFD Toolbox           |
|  \\    /   O peration     | Version:  4.x                                   |
|   \\  /    A nd           | Web:      www.OpenFOAM.org                      |
|    \\/     M anipulation  |                                                 |
\*---------------------------------------------------------------------------*/
FoamFile
{
    version     2.0;
    format      ascii;
    class       labelList;
    note        "nPoints:18734  nCells:9089  nFaces:36634  nInternalFaces:17852";
    location    "constant/polyMesh";
    object      neighbour;
}
// * * * * * * * * * * * * * * * * * * * * * * * * * * * * * * * * * * * * * //


17852
(
1
81
2
82
3
83
4
84
5
85
6
86
7
87
8
88
9
89
10
90
11
91
12
92
13
93
14
94
15
95
16
96
17
97
18
98
19
99
20
100
21
101
22
102
23
103
24
104
25
105
26
106
27
107
28
108
29
109
30
110
31
111
32
112
33
113
34
114
35
115
36
116
37
117
38
118
39
119
40
120
41
121
42
122
43
123
44
124
45
125
46
126
47
127
48
128
49
129
50
130
51
131
52
132
53
133
54
134
55
135
56
136
57
137
58
138
59
139
60
140
61
141
62
142
63
143
144
65
145
66
146
67
147
68
148
69
149
70
150
71
151
152
73
153
74
154
75
155
76
156
77
157
78
158
79
159
80
160
161
82
162
83
163
84
164
85
165
86
166
87
167
88
168
89
169
90
170
91
171
92
172
93
173
94
174
95
175
96
176
97
177
98
178
99
179
100
180
101
181
102
182
103
183
104
184
105
185
106
186
107
187
108
188
109
189
110
190
111
191
112
192
113
193
114
194
115
195
116
196
117
197
118
198
119
199
120
200
121
201
122
202
123
203
124
204
125
205
126
206
127
207
128
208
129
209
130
210
131
211
132
212
133
213
134
214
135
215
136
216
137
217
138
218
139
219
140
220
141
221
142
222
143
223
144
224
225
146
227
147
228
148
229
149
230
150
231
151
232
152
233
234
154
235
155
236
156
237
157
238
158
239
159
240
160
241
161
242
243
163
244
164
245
165
246
166
247
167
248
168
249
169
250
170
251
171
252
172
253
173
254
174
255
175
256
176
257
177
258
178
259
179
260
180
261
181
262
182
263
183
264
184
265
185
266
186
267
187
268
188
269
189
270
190
271
191
272
192
273
193
274
194
275
195
276
196
277
197
278
198
279
199
280
200
281
201
282
202
283
203
284
204
285
205
286
206
287
207
288
208
289
209
290
210
291
211
292
212
293
213
294
214
295
215
296
216
297
217
298
218
299
219
300
220
301
221
302
222
303
223
304
224
305
225
306
226
307
308
228
309
229
310
230
311
231
312
232
313
233
314
234
315
316
236
317
237
318
238
319
239
320
240
321
241
322
242
323
243
324
325
245
326
246
327
247
328
248
329
249
330
250
331
251
332
252
333
253
334
254
335
255
336
256
337
257
338
258
339
259
340
260
341
261
342
262
343
263
344
264
345
265
346
266
347
267
348
268
349
269
350
270
351
271
352
272
353
273
354
274
355
275
356
276
357
277
358
278
359
279
360
280
361
281
362
282
363
283
364
284
365
285
366
286
367
287
368
288
369
289
370
290
371
291
372
292
373
293
374
294
375
295
376
296
377
297
378
298
379
299
380
300
381
301
382
302
383
303
384
304
385
305
386
306
387
307
388
308
389
390
310
391
311
392
312
393
313
394
314
395
315
396
316
397
398
318
399
319
400
320
401
321
402
322
403
323
404
324
405
325
406
407
327
408
328
409
329
410
330
411
331
412
332
413
333
414
334
415
335
416
336
417
337
418
338
419
339
420
340
421
341
422
342
423
343
424
344
425
345
426
346
427
347
428
348
429
349
430
350
431
351
432
352
433
353
434
354
435
355
436
356
437
357
438
358
439
359
440
360
441
361
442
362
443
363
444
364
445
365
446
366
447
367
448
368
449
369
450
370
451
371
452
372
453
373
454
374
455
375
456
376
457
377
458
378
459
379
460
380
461
381
462
382
463
383
464
384
465
385
466
386
467
387
468
388
469
389
470
390
471
472
392
473
393
474
394
475
395
476
396
477
397
478
398
479
480
400
482
401
483
402
484
403
485
404
486
405
487
406
488
407
489
490
409
491
410
492
411
493
412
494
413
495
414
496
415
497
416
498
417
499
418
500
419
501
420
502
421
503
422
504
423
505
424
506
425
507
426
508
427
509
428
510
429
511
430
512
431
513
432
514
433
515
434
516
435
517
436
518
437
519
438
520
439
521
440
522
441
523
442
524
443
525
444
526
445
527
446
528
447
529
448
530
449
531
450
532
451
533
452
534
453
535
454
536
455
537
456
538
457
539
458
540
459
541
460
542
461
543
462
544
463
545
464
546
465
547
466
548
467
549
468
550
469
551
470
552
471
553
472
554
555
474
556
475
557
476
558
477
559
478
560
479
561
480
562
563
482
564
483
565
484
566
485
567
486
568
487
569
488
570
489
571
490
572
573
492
574
493
575
494
576
495
577
496
578
497
579
498
580
499
581
500
582
501
583
502
584
503
585
504
586
505
587
506
588
507
589
508
590
509
591
510
592
511
593
512
594
513
595
514
596
515
597
516
598
517
599
518
600
519
601
520
602
521
603
522
604
523
605
524
606
525
607
526
608
527
609
528
610
529
611
530
612
531
613
532
614
533
615
534
616
535
617
536
618
537
619
538
620
539
621
540
622
541
623
542
624
543
625
544
626
545
627
546
628
547
629
548
630
549
631
550
632
551
633
552
634
553
635
554
636
555
637
638
557
639
558
640
559
641
560
642
561
643
562
644
563
645
646
565
647
566
648
567
649
568
650
569
651
570
652
571
653
572
654
573
655
656
575
657
576
658
577
659
578
660
579
661
580
662
581
663
582
664
583
665
584
666
585
667
586
668
587
669
588
670
589
671
590
672
591
673
592
674
593
675
594
676
595
677
596
678
597
679
598
680
599
681
600
682
601
683
602
684
603
685
604
686
605
687
606
688
607
689
608
690
609
691
610
692
611
693
612
694
613
695
614
696
615
697
616
698
617
699
618
700
619
701
620
702
621
703
622
704
623
705
624
706
625
707
626
708
627
709
628
710
629
711
630
712
631
713
632
714
633
715
634
716
635
717
636
718
637
719
638
720
721
640
722
641
723
642
724
643
725
644
726
645
727
646
728
729
648
730
649
731
650
732
651
733
652
734
653
735
654
736
655
737
656
738
739
658
740
659
741
660
742
661
743
662
744
663
745
664
746
665
747
666
748
667
749
668
750
669
751
670
752
671
753
672
754
673
755
674
756
675
757
676
758
677
759
678
760
679
761
680
762
681
763
682
764
683
765
684
766
685
767
686
768
687
769
688
770
689
771
690
772
691
773
692
774
693
775
694
776
695
777
696
778
697
779
698
780
699
781
700
782
701
783
702
784
703
785
704
786
705
787
706
788
707
789
708
790
709
791
710
792
711
793
712
794
713
795
714
796
715
797
716
798
717
799
718
800
719
801
720
802
721
803
804
723
805
724
806
725
807
726
808
727
809
728
810
729
811
812
731
813
732
814
733
815
734
816
735
817
736
818
737
819
738
820
739
821
822
741
823
742
824
743
825
744
826
745
827
746
828
747
829
748
830
749
831
750
832
751
833
752
834
753
835
754
836
755
837
756
838
757
839
758
840
759
841
760
842
761
843
762
844
763
845
764
846
765
847
766
848
767
849
768
850
769
851
770
852
771
853
772
854
773
855
774
856
775
857
776
858
777
859
778
860
779
861
780
862
781
863
782
864
783
865
784
866
785
867
786
868
787
869
788
870
789
871
790
872
791
873
792
874
793
875
794
876
795
877
796
878
797
879
798
880
799
881
800
882
801
883
802
884
803
885
804
886
887
806
889
807
890
808
891
809
892
810
893
811
894
812
895
896
814
898
815
899
816
900
817
901
818
902
819
903
820
904
821
905
822
906
907
824
908
825
909
826
910
827
911
828
912
829
913
830
914
831
915
832
916
833
917
834
918
835
919
836
920
837
921
838
922
839
923
840
924
841
925
842
926
843
927
844
928
845
929
846
930
847
931
848
932
849
933
850
934
851
935
852
936
853
937
854
938
855
939
856
940
857
941
858
942
859
943
860
944
861
945
862
946
863
947
864
948
865
949
866
950
867
951
868
952
869
953
870
954
871
955
872
956
873
957
874
958
875
959
876
960
877
961
878
962
879
963
880
964
881
965
882
966
883
967
884
968
885
969
886
970
887
971
972
889
974
890
975
891
976
892
977
893
978
894
979
895
980
896
981
897
982
983
899
984
900
985
901
986
902
987
903
988
904
989
905
990
906
991
907
992
993
909
994
910
995
911
996
912
997
913
998
914
999
915
1000
916
1001
917
1002
918
1003
919
1004
920
1005
921
1006
922
1007
923
1008
924
1009
925
1010
926
1011
927
1012
928
1013
929
1014
930
1015
931
1016
932
1017
933
1018
934
1019
935
1020
936
1021
937
1022
938
1023
939
1024
940
1025
941
1026
942
1027
943
1028
944
1029
945
1030
946
1031
947
1032
948
1033
949
1034
950
1035
951
1036
952
1037
953
1038
954
1039
955
1040
956
1041
957
1042
958
1043
959
1044
960
1045
961
1046
962
1047
963
1048
964
1049
965
1050
966
1051
967
1052
968
1053
969
1054
970
1055
971
1056
972
1057
973
1058
1059
975
1060
976
1061
977
1062
978
1063
979
1064
980
1065
981
1066
982
1067
983
1068
1069
985
1071
986
1072
987
1073
988
1074
989
1075
990
1076
991
1077
992
1078
993
1079
1080
995
1081
996
1082
997
1083
998
1084
999
1085
1000
1086
1001
1087
1002
1088
1003
1089
1004
1090
1005
1091
1006
1092
1007
1093
1008
1094
1009
1095
1010
1096
1011
1097
1012
1098
1013
1099
1014
1100
1015
1101
1016
1102
1017
1103
1018
1104
1019
1105
1020
1106
1021
1107
1022
1108
1023
1109
1024
1110
1025
1111
1026
1112
1027
1113
1028
1114
1029
1115
1030
1116
1031
1117
1032
1118
1033
1119
1034
1120
1035
1121
1036
1122
1037
1123
1038
1124
1039
1125
1040
1126
1041
1127
1042
1128
1043
1129
1044
1130
1045
1131
1046
1132
1047
1133
1048
1134
1049
1135
1050
1136
1051
1137
1052
1138
1053
1139
1054
1140
1055
1141
1056
1142
1057
1143
1058
1144
1059
1145
1146
1061
1147
1062
1148
1063
1149
1064
1150
1065
1151
1066
1152
1067
1153
1068
1154
1069
1155
1156
1071
1157
1072
1158
1073
1159
1074
1160
1075
1161
1076
1162
1077
1163
1078
1164
1079
1165
1080
1166
1167
1082
1168
1083
1169
1084
1170
1085
1171
1086
1172
1087
1173
1088
1174
1089
1175
1090
1176
1091
1177
1092
1178
1093
1179
1094
1180
1095
1181
1096
1182
1097
1183
1098
1184
1099
1185
1100
1186
1101
1187
1102
1188
1103
1189
1104
1190
1105
1191
1106
1192
1107
1193
1108
1194
1109
1195
1110
1196
1111
1197
1112
1198
1113
1199
1114
1200
1115
1201
1116
1202
1117
1203
1118
1204
1119
1205
1120
1206
1121
1207
1122
1208
1123
1209
1124
1210
1125
1211
1126
1212
1127
1213
1128
1214
1129
1215
1130
1216
1131
1217
1132
1218
1133
1219
1134
1220
1135
1221
1136
1222
1137
1223
1138
1224
1139
1225
1140
1226
1141
1227
1142
1228
1143
1229
1144
1230
1145
1231
1146
1232
1233
1148
1235
1149
1236
1150
1237
1151
1238
1152
1239
1153
1240
1154
1241
1155
1242
1156
1243
1244
1158
1246
1159
1247
1160
1248
1161
1249
1162
1250
1163
1251
1164
1252
1165
1253
1166
1254
1167
1255
1256
1169
1257
1170
1258
1171
1259
1172
1260
1173
1261
1174
1262
1175
1263
1176
1264
1177
1265
1178
1266
1179
1267
1180
1268
1181
1269
1182
1270
1183
1271
1184
1272
1185
1273
1186
1274
1187
1275
1188
1276
1189
1277
1190
1278
1191
1279
1192
1280
1193
1281
1194
1282
1195
1283
1196
1284
1197
1285
1198
1286
1199
1287
1200
1288
1201
1289
1202
1290
1203
1291
1204
1292
1205
1293
1206
1294
1207
1295
1208
1296
1209
1297
1210
1298
1211
1299
1212
1300
1213
1301
1214
1302
1215
1303
1216
1304
1217
1305
1218
1306
1219
1307
1220
1308
1221
1309
1222
1310
1223
1311
1224
1312
1225
1313
1226
1314
1227
1315
1228
1316
1229
1317
1230
1318
1231
1319
1232
1320
1233
1321
1322
1235
1324
1236
1325
1237
1326
1238
1327
1239
1328
1240
1329
1241
1330
1242
1331
1243
1332
1244
1333
1245
1334
1335
1247
1337
1248
1338
1249
1339
1250
1340
1251
1341
1252
1342
1253
1343
1254
1344
1255
1345
1256
1346
1347
1258
1348
1259
1349
1260
1350
1261
1351
1262
1352
1263
1353
1264
1354
1265
1355
1266
1356
1267
1357
1268
1358
1269
1359
1270
1360
1271
1361
1272
1362
1273
1363
1274
1364
1275
1365
1276
1366
1277
1367
1278
1368
1279
1369
1280
1370
1281
1371
1282
1372
1283
1373
1284
1374
1285
1375
1286
1376
1287
1377
1288
1378
1289
1379
1290
1380
1291
1381
1292
1382
1293
1383
1294
1384
1295
1385
1296
1386
1297
1387
1298
1388
1299
1389
1300
1390
1301
1391
1302
1392
1303
1393
1304
1394
1305
1395
1306
1396
1307
1397
1308
1398
1309
1399
1310
1400
1311
1401
1312
1402
1313
1403
1314
1404
1315
1405
1316
1406
1317
1407
1318
1408
1319
1409
1320
1410
1321
1411
1322
1412
1323
1413
1414
1325
1416
1326
1417
1327
1418
1328
1419
1329
1420
1330
1421
1331
1422
1332
1423
1333
1424
1334
1425
1335
1426
1427
1337
1430
1338
1431
1339
1432
1340
1433
1341
1434
1342
1435
1343
1436
1344
1437
1345
1438
1346
1439
1347
1440
1441
1349
1442
1350
1443
1351
1444
1352
1445
1353
1446
1354
1447
1355
1448
1356
1449
1357
1450
1358
1451
1359
1452
1360
1453
1361
1454
1362
1455
1363
1456
1364
1457
1365
1458
1366
1459
1367
1460
1368
1461
1369
1462
1370
1463
1371
1464
1372
1465
1373
1466
1374
1467
1375
1468
1376
1469
1377
1470
1378
1471
1379
1472
1380
1473
1381
1474
1382
1475
1383
1476
1384
1477
1385
1478
1386
1479
1387
1480
1388
1481
1389
1482
1390
1483
1391
1484
1392
1485
1393
1486
1394
1487
1395
1488
1396
1489
1397
1490
1398
1491
1399
1492
1400
1493
1401
1494
1402
1495
1403
1496
1404
1497
1405
1498
1406
1499
1407
1500
1408
1501
1409
1502
1410
1503
1411
1504
1412
1505
1413
1506
1414
1507
1508
1416
1510
1417
1511
1418
1512
1419
1513
1420
1514
1421
1515
1422
1516
1423
1517
1424
1518
1425
1519
1426
1520
1427
1521
1428
1522
1523
1430
1526
1431
1527
1432
1528
1433
1529
1434
1530
1435
1531
1436
1532
1437
1533
1438
1534
1439
1535
1440
1536
1441
1537
1538
1443
1539
1444
1540
1445
1541
1446
1542
1447
1543
1448
1544
1449
1545
1450
1546
1451
1547
1452
1548
1453
1549
1454
1550
1455
1551
1456
1552
1457
1553
1458
1554
1459
1555
1460
1556
1461
1557
1462
1558
1463
1559
1464
1560
1465
1561
1466
1562
1467
1563
1468
1564
1469
1565
1470
1566
1471
1567
1472
1568
1473
1569
1474
1570
1475
1571
1476
1572
1477
1573
1478
1574
1479
1575
1480
1576
1481
1577
1482
1578
1483
1579
1484
1580
1485
1581
1486
1582
1487
1583
1488
1584
1489
1585
1490
1586
1491
1587
1492
1588
1493
1589
1494
1590
1495
1591
1496
1592
1497
1593
1498
1594
1499
1595
1500
1596
1501
1597
1502
1598
1503
1599
1504
1600
1505
1601
1506
1602
1507
1603
1508
1604
1509
1605
1606
1511
1610
1512
1611
1513
1612
1514
1613
1515
1614
1516
1615
1517
1616
1518
1617
1519
1618
1520
1619
1521
1620
1522
1621
1523
1622
1524
1623
1525
1624
1526
1625
1527
1626
1528
1627
1529
1628
1530
1629
1531
1630
1532
1631
1533
1632
1534
1633
1535
1634
1536
1635
1537
1636
1538
1637
1638
1540
1639
1541
1640
1542
1641
1543
1642
1544
1643
1545
1644
1546
1645
1547
1646
1548
1647
1549
1648
1550
1649
1551
1650
1552
1651
1553
1652
1554
1653
1555
1654
1556
1655
1557
1656
1558
1657
1559
1658
1560
1659
1561
1660
1562
1661
1563
1662
1564
1663
1565
1664
1566
1665
1567
1666
1568
1667
1569
1668
1570
1669
1571
1670
1572
1671
1573
1672
1574
1673
1575
1674
1576
1675
1577
1676
1578
1677
1579
1678
1580
1679
1581
1680
1582
1681
1583
1682
1584
1683
1585
1684
1586
1685
1587
1686
1588
1687
1589
1688
1590
1689
1591
1690
1592
1691
1593
1692
1594
1693
1595
1694
1596
1695
1597
1696
1598
1697
1599
1698
1600
1699
1601
1700
1602
1701
1603
1702
1604
1703
1605
1704
1606
1705
1607
1706
1608
1707
1609
1708
1610
1709
1611
1710
1612
1711
1613
1712
1614
1713
1615
1714
1616
1715
1617
1716
1618
1717
1619
1718
1620
1719
1621
1720
1622
1721
1623
1722
1624
1723
1625
1724
1626
1725
1627
1726
1628
1727
1629
1728
1630
1729
1631
1730
1632
1731
1633
1732
1634
1733
1635
1734
1636
1735
1637
1736
1638
1737
1738
1640
1739
1641
1740
1642
1741
1643
1742
1644
1743
1645
1744
1646
1745
1647
1746
1648
1747
1649
1748
1650
1749
1651
1750
1652
1751
1653
1752
1654
1753
1655
1754
1656
1755
1657
1756
1658
1757
1659
1758
1660
1759
1661
1760
1662
1761
1663
1762
1664
1763
1665
1764
1666
1765
1667
1766
1668
1767
1669
1768
1670
1769
1671
1770
1672
1771
1673
1772
1674
1773
1675
1774
1676
1775
1677
1776
1678
1777
1679
1778
1680
1779
1681
1780
1682
1781
1683
1782
1684
1783
1685
1784
1686
1785
1687
1786
1688
1787
1689
1788
1690
1789
1691
1790
1692
1791
1693
1792
1694
1793
1695
1794
1696
1795
1697
1796
1698
1797
1699
1798
1700
1799
1701
1800
1702
1801
1703
1802
1704
1803
1705
1804
1706
1805
1707
1806
1708
1807
1709
1808
1710
1809
1711
1810
1712
1811
1713
1812
1714
1813
1715
1814
1716
1815
1717
1816
1718
1817
1719
1818
1720
1819
1721
1820
1722
1821
1723
1822
1724
1823
1725
1824
1726
1825
1727
1826
1728
1827
1729
1828
1730
1829
1731
1830
1732
1831
1733
1832
1734
1833
1735
1834
1736
1835
1737
1836
1738
1837
1838
1740
1839
1741
1840
1742
1841
1743
1842
1744
1843
1745
1844
1746
1845
1747
1846
1748
1847
1749
1848
1750
1849
1751
1850
1752
1851
1753
1852
1754
1853
1755
1854
1756
1855
1757
1856
1758
1857
1759
1858
1760
1859
1761
1860
1762
1861
1763
1862
1764
1863
1765
1864
1766
1865
1767
1866
1768
1867
1769
1868
1770
1869
1771
1870
1772
1871
1773
1872
1774
1873
1775
1874
1776
1875
1777
1876
1778
1877
1779
1878
1780
1879
1781
1880
1782
1881
1783
1882
1784
1883
1785
1884
1786
1885
1787
1886
1788
1887
1789
1888
1790
1889
1791
1890
1792
1891
1793
1892
1794
1893
1795
1894
1796
1895
1797
1896
1798
1897
1799
1898
1800
1899
1801
1900
1802
1901
1803
1902
1804
1903
1805
1904
1806
1905
1807
1906
1808
1907
1809
1908
1810
1909
1811
1910
1812
1911
1813
1912
1814
1913
1815
1914
1816
1915
1817
1916
1818
1917
1819
1918
1820
1919
1821
1920
1822
1921
1823
1922
1824
1923
1825
1924
1826
1925
1827
1926
1828
1927
1829
1928
1830
1929
1831
1930
1832
1931
1833
1932
1834
1933
1835
1934
1836
1935
1837
1936
1838
1937
1938
1840
1939
1841
1940
1842
1941
1843
1942
1844
1943
1845
1944
1846
1945
1847
1946
1848
1947
1849
1948
1850
1949
1851
1950
1852
1951
1853
1952
1854
1953
1855
1954
1856
1955
1857
1956
1858
1957
1859
1958
1860
1959
1861
1960
1862
1961
1863
1962
1864
1963
1865
1964
1866
1965
1867
1966
1868
1967
1869
1968
1870
1969
1871
1970
1872
1971
1873
1972
1874
1973
1875
1974
1876
1975
1877
1976
1878
1977
1879
1978
1880
1979
1881
1980
1882
1981
1883
1982
1884
1983
1885
1984
1886
1985
1887
1986
1888
1987
1889
1988
1890
1989
1891
1990
1892
1991
1893
1992
1894
1993
1895
1994
1896
1995
1897
1996
1898
1997
1899
1998
1900
1999
1901
2000
1902
2001
1903
2002
1904
2003
1905
2004
1906
2005
1907
2006
1908
2007
1909
2008
1910
2009
1911
2010
1912
2011
1913
2012
1914
2013
1915
2014
1916
2015
1917
2016
1918
2017
1919
2018
1920
2019
1921
2020
1922
2021
1923
2022
1924
2023
1925
2024
1926
2025
1927
2026
1928
2027
1929
2028
1930
2029
1931
2030
1932
2031
1933
2032
1934
2033
1935
2034
1936
2035
1937
2036
1938
2037
2038
1940
2039
1941
2040
1942
2041
1943
2042
1944
2043
1945
2044
1946
2045
1947
2046
1948
2047
1949
2048
1950
2049
1951
2050
1952
2051
1953
2052
1954
2053
1955
2054
1956
2055
1957
2056
1958
2057
1959
2058
1960
2059
1961
2060
1962
2061
1963
2062
1964
2063
1965
2064
1966
2065
1967
2066
1968
2067
1969
2068
1970
2069
1971
2070
1972
2071
1973
2072
1974
2073
1975
2074
1976
2075
1977
2076
1978
2077
1979
2078
1980
2079
1981
2080
1982
2081
1983
2082
1984
2083
1985
2084
1986
2085
1987
2086
1988
2087
1989
2088
1990
2089
1991
2090
1992
2091
1993
2092
1994
2093
1995
2094
1996
2095
1997
2096
1998
2097
1999
2098
2000
2099
2001
2100
2002
2101
2003
2102
2004
2103
2005
2104
2006
2105
2007
2106
2008
2107
2009
2108
2010
2109
2011
2110
2012
2111
2013
2112
2014
2113
2015
2114
2016
2115
2017
2116
2018
2117
2019
2118
2020
2119
2021
2120
2022
2121
2023
2122
2024
2123
2025
2124
2026
2125
2027
2126
2028
2127
2029
2128
2030
2129
2031
2130
2032
2131
2033
2132
2034
2133
2035
2134
2036
2135
2037
2136
2038
2137
2138
2040
2139
2041
2140
2042
2141
2043
2142
2044
2143
2045
2144
2046
2145
2047
2146
2048
2147
2049
2148
2050
2149
2051
2150
2052
2151
2053
2152
2054
2153
2055
2154
2056
2155
2057
2156
2058
2157
2059
2158
2060
2159
2061
2160
2062
2161
2063
2162
2064
2163
2065
2164
2066
2165
2067
2166
2068
2167
2069
2168
2070
2169
2071
2170
2072
2171
2073
2172
2074
2173
2075
2174
2076
2175
2077
2176
2078
2177
2079
2178
2080
2179
2081
2180
2082
2181
2083
2182
2084
2183
2085
2184
2086
2185
2087
2186
2088
2187
2089
2188
2090
2189
2091
2190
2092
2191
2093
2192
2094
2193
2095
2194
2096
2195
2097
2196
2098
2197
2099
2198
2100
2199
2101
2200
2102
2201
2103
2202
2104
2203
2105
2204
2106
2205
2107
2206
2108
2207
2109
2208
2110
2209
2111
2210
2112
2211
2113
2212
2114
2213
2115
2214
2116
2215
2117
2216
2118
2217
2119
2218
2120
2219
2121
2220
2122
2221
2123
2222
2124
2223
2125
2224
2126
2225
2127
2226
2128
2227
2129
2228
2130
2229
2131
2230
2132
2231
2133
2232
2134
2233
2135
2234
2136
2235
2137
2236
2138
2237
2238
2140
2239
2141
2240
2142
2241
2143
2242
2144
2243
2145
2244
2146
2245
2147
2246
2148
2247
2149
2248
2150
2249
2151
2250
2152
2251
2153
2252
2154
2253
2155
2254
2156
2255
2157
2256
2158
2257
2159
2258
2160
2259
2161
2260
2162
2261
2163
2262
2164
2263
2165
2264
2166
2265
2167
2266
2168
2267
2169
2268
2170
2269
2171
2270
2172
2271
2173
2272
2174
2273
2175
2274
2176
2275
2177
2276
2178
2277
2179
2278
2180
2279
2181
2280
2182
2281
2183
2282
2184
2283
2185
2284
2186
2285
2187
2286
2188
2287
2189
2288
2190
2289
2191
2290
2192
2291
2193
2292
2194
2293
2195
2294
2196
2295
2197
2296
2198
2297
2199
2298
2200
2299
2201
2300
2202
2301
2203
2302
2204
2303
2205
2304
2206
2305
2207
2306
2208
2307
2209
2308
2210
2309
2211
2310
2212
2311
2213
2312
2214
2313
2215
2314
2216
2315
2217
2316
2218
2317
2219
2318
2220
2319
2221
2320
2222
2321
2223
2322
2224
2323
2225
2324
2226
2325
2227
2326
2228
2327
2229
2328
2230
2329
2231
2330
2232
2331
2233
2332
2234
2333
2235
2334
2236
2335
2237
2336
2238
2337
2338
2240
2339
2241
2340
2242
2341
2243
2342
2244
2343
2245
2344
2246
2345
2247
2346
2248
2347
2249
2348
2250
2349
2251
2350
2252
2351
2253
2352
2254
2353
2255
2354
2256
2355
2257
2356
2258
2357
2259
2358
2260
2359
2261
2360
2262
2361
2263
2362
2264
2363
2265
2364
2266
2365
2267
2366
2268
2367
2269
2368
2270
2369
2271
2370
2272
2371
2273
2372
2274
2373
2275
2374
2276
2375
2277
2376
2278
2377
2279
2378
2280
2379
2281
2380
2282
2381
2283
2382
2284
2383
2285
2384
2286
2385
2287
2386
2288
2387
2289
2388
2290
2389
2291
2390
2292
2391
2293
2392
2294
2393
2295
2394
2296
2395
2297
2396
2298
2397
2299
2398
2300
2399
2301
2400
2302
2401
2303
2402
2304
2403
2305
2404
2306
2405
2307
2406
2308
2407
2309
2408
2310
2409
2311
2410
2312
2411
2313
2412
2314
2413
2315
2414
2316
2415
2317
2416
2318
2417
2319
2418
2320
2419
2321
2420
2322
2421
2323
2422
2324
2423
2325
2424
2326
2425
2327
2426
2328
2427
2329
2428
2330
2429
2331
2430
2332
2431
2333
2432
2334
2433
2335
2434
2336
2435
2337
2436
2338
2437
2438
2340
2439
2341
2440
2342
2441
2343
2442
2344
2443
2345
2444
2346
2445
2347
2446
2348
2447
2349
2448
2350
2449
2351
2450
2352
2451
2353
2452
2354
2453
2355
2454
2356
2455
2357
2456
2358
2457
2359
2458
2360
2459
2361
2460
2362
2461
2363
2462
2364
2463
2365
2464
2366
2465
2367
2466
2368
2467
2369
2468
2370
2469
2371
2470
2372
2471
2373
2472
2374
2473
2375
2474
2376
2475
2377
2476
2378
2477
2379
2478
2380
2479
2381
2480
2382
2481
2383
2482
2384
2483
2385
2484
2386
2485
2387
2486
2388
2487
2389
2488
2390
2489
2391
2490
2392
2491
2393
2492
2394
2493
2395
2494
2396
2495
2397
2496
2398
2497
2399
2498
2400
2499
2401
2500
2402
2501
2403
2502
2404
2503
2405
2504
2406
2505
2407
2506
2408
2507
2409
2508
2410
2509
2411
2510
2412
2511
2413
2512
2414
2513
2415
2514
2416
2515
2417
2516
2418
2517
2419
2518
2420
2519
2421
2520
2422
2521
2423
2522
2424
2523
2425
2524
2426
2525
2427
2526
2428
2527
2429
2528
2430
2529
2431
2530
2432
2531
2433
2532
2434
2533
2435
2534
2436
2535
2437
2536
2438
2537
2538
2440
2539
2441
2540
2442
2541
2443
2542
2444
2543
2445
2544
2446
2545
2447
2546
2448
2547
2449
2548
2450
2549
2451
2550
2452
2551
2453
2552
2454
2553
2455
2554
2456
2555
2457
2556
2458
2557
2459
2558
2460
2559
2461
2560
2462
2561
2463
2562
2464
2563
2465
2564
2466
2565
2467
2566
2468
2567
2469
2568
2470
2569
2471
2570
2472
2571
2473
2572
2474
2573
2475
2574
2476
2575
2477
2576
2478
2577
2479
2578
2480
2579
2481
2580
2482
2581
2483
2582
2484
2583
2485
2584
2486
2585
2487
2586
2488
2587
2489
2588
2490
2589
2491
2590
2492
2591
2493
2592
2494
2593
2495
2594
2496
2595
2497
2596
2498
2597
2499
2598
2500
2599
2501
2600
2502
2601
2503
2602
2504
2603
2505
2604
2506
2605
2507
2606
2508
2607
2509
2608
2510
2609
2511
2610
2512
2611
2513
2612
2514
2613
2515
2614
2516
2615
2517
2616
2518
2617
2519
2618
2520
2619
2521
2620
2522
2621
2523
2622
2524
2623
2525
2624
2526
2625
2527
2626
2528
2627
2529
2628
2530
2629
2531
2630
2532
2631
2533
2632
2534
2633
2535
2634
2536
2635
2537
2636
2538
2637
2638
2540
2639
2541
2640
2542
2641
2543
2642
2544
2643
2545
2644
2546
2645
2547
2646
2548
2647
2549
2648
2550
2649
2551
2650
2552
2651
2553
2652
2554
2653
2555
2654
2556
2655
2557
2656
2558
2657
2559
2658
2560
2659
2561
2660
2562
2661
2563
2662
2564
2663
2565
2664
2566
2665
2567
2666
2568
2667
2569
2668
2570
2669
2571
2670
2572
2671
2573
2672
2574
2673
2575
2674
2576
2675
2577
2676
2578
2677
2579
2678
2580
2679
2581
2680
2582
2681
2583
2682
2584
2683
2585
2684
2586
2685
2587
2686
2588
2687
2589
2688
2590
2689
2591
2690
2592
2691
2593
2692
2594
2693
2595
2694
2596
2695
2597
2696
2598
2697
2599
2698
2600
2699
2601
2700
2602
2701
2603
2702
2604
2703
2605
2704
2606
2705
2607
2706
2608
2707
2609
2708
2610
2709
2611
2710
2612
2711
2613
2712
2614
2713
2615
2714
2616
2715
2617
2716
2618
2717
2619
2718
2620
2719
2621
2720
2622
2721
2623
2722
2624
2723
2625
2724
2626
2725
2627
2726
2628
2727
2629
2728
2630
2729
2631
2730
2632
2731
2633
2732
2634
2733
2635
2734
2636
2735
2637
2736
2638
2737
2738
2640
2739
2641
2740
2642
2741
2643
2742
2644
2743
2645
2744
2646
2745
2647
2746
2648
2747
2649
2748
2650
2749
2651
2750
2652
2751
2653
2752
2654
2753
2655
2754
2656
2755
2657
2756
2658
2757
2659
2758
2660
2759
2661
2760
2662
2761
2663
2762
2664
2763
2665
2764
2666
2765
2667
2766
2668
2767
2669
2768
2670
2769
2671
2770
2672
2771
2673
2772
2674
2773
2675
2774
2676
2775
2677
2776
2678
2777
2679
2778
2680
2779
2681
2780
2682
2781
2683
2782
2684
2783
2685
2784
2686
2785
2687
2786
2688
2787
2689
2788
2690
2789
2691
2790
2692
2791
2693
2792
2694
2793
2695
2794
2696
2795
2697
2796
2698
2797
2699
2798
2700
2799
2701
2800
2702
2801
2703
2802
2704
2803
2705
2804
2706
2805
2707
2806
2708
2807
2709
2808
2710
2809
2711
2810
2712
2811
2713
2812
2714
2813
2715
2814
2716
2815
2717
2816
2718
2817
2719
2818
2720
2819
2721
2820
2722
2821
2723
2822
2724
2823
2725
2824
2726
2825
2727
2826
2728
2827
2729
2828
2730
2829
2731
2830
2732
2831
2733
2832
2734
2833
2735
2834
2736
2835
2737
2836
2738
2837
2838
2740
2839
2741
2840
2742
2841
2743
2842
2744
2843
2745
2844
2746
2845
2747
2846
2748
2847
2749
2848
2750
2849
2751
2850
2752
2851
2753
2852
2754
2853
2755
2854
2756
2855
2757
2856
2758
2857
2759
2858
2760
2859
2761
2860
2762
2861
2763
2862
2764
2863
2765
2864
2766
2865
2767
2866
2768
2867
2769
2868
2770
2869
2771
2870
2772
2871
2773
2872
2774
2873
2775
2874
2776
2875
2777
2876
2778
2877
2779
2878
2780
2879
2781
2880
2782
2881
2783
2882
2784
2883
2785
2884
2786
2885
2787
2886
2788
2887
2789
2888
2790
2889
2791
2890
2792
2891
2793
2892
2794
2893
2795
2894
2796
2895
2797
2896
2798
2897
2799
2898
2800
2899
2801
2900
2802
2901
2803
2902
2804
2903
2805
2904
2806
2905
2807
2906
2808
2907
2809
2908
2810
2909
2811
2910
2812
2911
2813
2912
2814
2913
2815
2914
2816
2915
2817
2916
2818
2917
2819
2918
2820
2919
2821
2920
2822
2921
2823
2922
2824
2923
2825
2924
2826
2925
2827
2926
2828
2927
2829
2928
2830
2929
2831
2930
2832
2931
2833
2932
2834
2933
2835
2934
2836
2935
2837
2936
2838
2937
2938
2840
2939
2841
2940
2842
2941
2843
2942
2844
2943
2845
2944
2846
2945
2847
2946
2848
2947
2849
2948
2850
2949
2851
2950
2852
2951
2853
2952
2854
2953
2855
2954
2856
2955
2857
2956
2858
2957
2859
2958
2860
2959
2861
2960
2862
2961
2863
2962
2864
2963
2865
2964
2866
2965
2867
2966
2868
2967
2869
2968
2870
2969
2871
2970
2872
2971
2873
2972
2874
2973
2875
2974
2876
2975
2877
2976
2878
2977
2879
2978
2880
2979
2881
2980
2882
2981
2883
2982
2884
2983
2885
2984
2886
2985
2887
2986
2888
2987
2889
2988
2890
2989
2891
2990
2892
2991
2893
2992
2894
2993
2895
2994
2896
2995
2897
2996
2898
2997
2899
2998
2900
2999
2901
3000
2902
3001
2903
3002
2904
3003
2905
3004
2906
3005
2907
3006
2908
3007
2909
3008
2910
3009
2911
3010
2912
3011
2913
3012
2914
3013
2915
2916
2917
2918
3014
2919
3015
2920
3016
2921
3017
2922
3018
2923
3019
2924
3020
2925
2926
2927
2928
3021
2929
3022
2930
3023
2931
3024
2932
3025
2933
3026
2934
3027
2935
3028
2936
3029
2937
3030
2938
3031
3032
2940
3033
2941
3034
2942
3035
2943
3036
2944
3037
2945
3038
2946
3039
2947
3040
2948
3041
2949
3042
2950
3043
2951
3044
2952
3045
2953
3046
2954
3047
2955
3048
2956
3049
2957
3050
2958
3051
2959
3052
2960
3053
2961
3054
2962
3055
2963
3056
2964
3057
2965
3058
2966
3059
2967
3060
2968
3061
2969
3062
2970
3063
2971
3064
2972
3065
2973
3066
2974
3067
2975
3068
2976
3069
2977
3070
2978
3071
2979
3072
2980
3073
2981
3074
2982
3075
2983
3076
2984
3077
2985
3078
2986
3079
2987
3080
2988
3081
2989
3082
2990
3083
2991
3084
2992
3085
2993
3086
2994
3087
2995
3088
2996
3089
2997
3090
2998
3091
2999
3092
3000
3093
3001
3094
3002
3095
3003
3096
3004
3097
3005
3098
3006
3099
3007
3100
3008
3101
3009
3102
3010
3103
3011
3104
3012
3105
3013
3106
3107
3015
3016
3108
3017
3109
3018
3110
3019
3111
3020
3112
3022
3023
3113
3024
3114
3025
3115
3026
3116
3027
3117
3028
3118
3029
3119
3030
3120
3031
3121
3032
3122
3123
3034
3124
3035
3125
3036
3126
3037
3127
3038
3128
3039
3129
3040
3130
3041
3131
3042
3132
3043
3133
3044
3134
3045
3135
3046
3136
3047
3137
3048
3138
3049
3139
3050
3140
3051
3141
3052
3142
3053
3143
3054
3144
3055
3145
3056
3146
3057
3147
3058
3148
3059
3149
3060
3150
3061
3151
3062
3152
3063
3153
3064
3154
3065
3155
3066
3156
3067
3157
3068
3158
3069
3159
3070
3160
3071
3161
3072
3162
3073
3163
3074
3164
3075
3165
3076
3166
3077
3167
3078
3168
3079
3169
3080
3170
3081
3171
3082
3172
3083
3173
3084
3174
3085
3175
3086
3176
3087
3177
3088
3178
3089
3179
3090
3180
3091
3181
3092
3182
3093
3183
3094
3184
3095
3185
3096
3186
3097
3187
3098
3188
3099
3189
3100
3190
3101
3191
3102
3192
3103
3193
3104
3194
3105
3195
3106
3196
3107
3197
3109
3198
3110
3199
3111
3200
3112
3201
3202
3114
3203
3115
3204
3116
3205
3117
3206
3118
3207
3119
3208
3120
3209
3121
3210
3122
3211
3123
3212
3213
3125
3214
3126
3215
3127
3216
3128
3217
3129
3218
3130
3219
3131
3220
3132
3221
3133
3222
3134
3223
3135
3224
3136
3225
3137
3226
3138
3227
3139
3228
3140
3229
3141
3230
3142
3231
3143
3232
3144
3233
3145
3234
3146
3235
3147
3236
3148
3237
3149
3238
3150
3239
3151
3240
3152
3241
3153
3242
3154
3243
3155
3244
3156
3245
3157
3246
3158
3247
3159
3248
3160
3249
3161
3250
3162
3251
3163
3252
3164
3253
3165
3254
3166
3255
3167
3256
3168
3257
3169
3258
3170
3259
3171
3260
3172
3261
3173
3262
3174
3263
3175
3264
3176
3265
3177
3266
3178
3267
3179
3268
3180
3269
3181
3270
3182
3271
3183
3272
3184
3273
3185
3274
3186
3275
3187
3276
3188
3277
3189
3278
3190
3279
3191
3280
3192
3281
3193
3282
3194
3283
3195
3284
3196
3285
3197
3286
3287
3199
3200
3288
3201
3289
3202
3290
3291
3204
3205
3292
3206
3293
3207
3294
3208
3295
3209
3296
3210
3297
3211
3298
3212
3299
3213
3300
3301
3215
3302
3216
3303
3217
3304
3218
3305
3219
3306
3220
3307
3221
3308
3222
3309
3223
3310
3224
3311
3225
3312
3226
3313
3227
3314
3228
3315
3229
3316
3230
3317
3231
3318
3232
3319
3233
3320
3234
3321
3235
3322
3236
3323
3237
3324
3238
3325
3239
3326
3240
3327
3241
3328
3242
3329
3243
3330
3244
3331
3245
3332
3246
3333
3247
3334
3248
3335
3249
3336
3250
3337
3251
3338
3252
3339
3253
3340
3254
3341
3255
3342
3256
3343
3257
3344
3258
3345
3259
3346
3260
3347
3261
3348
3262
3349
3263
3350
3264
3351
3265
3352
3266
3353
3267
3354
3268
3355
3269
3356
3270
3357
3271
3358
3272
3359
3273
3360
3274
3361
3275
3362
3276
3363
3277
3364
3278
3365
3279
3366
3280
3367
3281
3368
3282
3369
3283
3370
3284
3371
3285
3372
3286
3373
3287
3374
3289
3375
3290
3376
3291
3377
3293
3378
3294
3379
3295
3380
3296
3381
3297
3382
3298
3383
3299
3384
3300
3385
3301
3386
3387
3303
3388
3304
3389
3305
3390
3306
3391
3307
3392
3308
3393
3309
3394
3310
3395
3311
3396
3312
3397
3313
3398
3314
3399
3315
3400
3316
3401
3317
3402
3318
3403
3319
3404
3320
3405
3321
3406
3322
3407
3323
3408
3324
3409
3325
3410
3326
3411
3327
3412
3328
3413
3329
3414
3330
3415
3331
3416
3332
3417
3333
3418
3334
3419
3335
3420
3336
3421
3337
3422
3338
3423
3339
3424
3340
3425
3341
3426
3342
3427
3343
3428
3344
3429
3345
3430
3346
3431
3347
3432
3348
3433
3349
3434
3350
3435
3351
3436
3352
3437
3353
3438
3354
3439
3355
3440
3356
3441
3357
3442
3358
3443
3359
3444
3360
3445
3361
3446
3362
3447
3363
3448
3364
3449
3365
3450
3366
3451
3367
3452
3368
3453
3369
3454
3370
3455
3371
3456
3372
3457
3373
3458
3374
3459
3460
3376
3461
3377
3462
3463
3379
3464
3380
3465
3381
3466
3382
3467
3383
3468
3384
3469
3385
3470
3386
3471
3387
3472
3473
3389
3474
3390
3475
3391
3476
3392
3477
3393
3478
3394
3479
3395
3480
3396
3481
3397
3482
3398
3483
3399
3484
3400
3485
3401
3486
3402
3487
3403
3488
3404
3489
3405
3490
3406
3491
3407
3492
3408
3493
3409
3494
3410
3495
3411
3496
3412
3497
3413
3498
3414
3499
3415
3500
3416
3501
3417
3502
3418
3503
3419
3504
3420
3505
3421
3506
3422
3507
3423
3508
3424
3509
3425
3510
3426
3511
3427
3512
3428
3513
3429
3514
3430
3515
3431
3516
3432
3517
3433
3518
3434
3519
3435
3520
3436
3521
3437
3522
3438
3523
3439
3524
3440
3525
3441
3526
3442
3527
3443
3528
3444
3529
3445
3530
3446
3531
3447
3532
3448
3533
3449
3534
3450
3535
3451
3536
3452
3537
3453
3538
3454
3539
3455
3540
3456
3541
3457
3542
3458
3543
3459
3544
3460
3545
3546
3462
3463
3547
3548
3465
3549
3466
3550
3467
3551
3468
3552
3469
3553
3470
3554
3471
3555
3472
3556
3473
3557
3558
3475
3559
3476
3560
3477
3561
3478
3562
3479
3563
3480
3564
3481
3565
3482
3566
3483
3567
3484
3568
3485
3569
3486
3570
3487
3571
3488
3572
3489
3573
3490
3574
3491
3575
3492
3576
3493
3577
3494
3578
3495
3579
3496
3580
3497
3581
3498
3582
3499
3583
3500
3584
3501
3585
3502
3586
3503
3587
3504
3588
3505
3589
3506
3590
3507
3591
3508
3592
3509
3593
3510
3594
3511
3595
3512
3596
3513
3597
3514
3598
3515
3599
3516
3600
3517
3601
3518
3602
3519
3603
3520
3604
3521
3605
3522
3606
3523
3607
3524
3608
3525
3609
3526
3610
3527
3611
3528
3612
3529
3613
3530
3614
3531
3615
3532
3616
3533
3617
3534
3618
3535
3619
3536
3620
3537
3621
3538
3622
3539
3623
3540
3624
3541
3625
3542
3626
3543
3627
3544
3628
3545
3629
3546
3630
3631
3548
3632
3633
3550
3551
3634
3552
3635
3553
3636
3554
3637
3555
3638
3556
3639
3557
3640
3558
3641
3642
3560
3643
3561
3644
3562
3645
3563
3646
3564
3647
3565
3648
3566
3649
3567
3650
3568
3651
3569
3652
3570
3653
3571
3654
3572
3655
3573
3656
3574
3657
3575
3658
3576
3659
3577
3660
3578
3661
3579
3662
3580
3663
3581
3664
3582
3665
3583
3666
3584
3667
3585
3668
3586
3669
3587
3670
3588
3671
3589
3672
3590
3673
3591
3674
3592
3675
3593
3676
3594
3677
3595
3678
3596
3679
3597
3680
3598
3681
3599
3682
3600
3683
3601
3684
3602
3685
3603
3686
3604
3687
3605
3688
3606
3689
3607
3690
3608
3691
3609
3692
3610
3693
3611
3694
3612
3695
3613
3696
3614
3697
3615
3698
3616
3699
3617
3700
3618
3701
3619
3702
3620
3703
3621
3704
3622
3705
3623
3706
3624
3707
3625
3708
3626
3709
3627
3710
3628
3711
3629
3712
3630
3713
3631
3714
3715
3633
3635
3716
3636
3717
3637
3718
3638
3719
3639
3720
3640
3721
3641
3722
3642
3723
3724
3644
3725
3645
3726
3646
3727
3647
3728
3648
3729
3649
3730
3650
3731
3651
3732
3652
3733
3653
3734
3654
3735
3655
3736
3656
3737
3657
3738
3658
3739
3659
3740
3660
3741
3661
3742
3662
3743
3663
3744
3664
3745
3665
3746
3666
3747
3667
3748
3668
3749
3669
3750
3670
3751
3671
3752
3672
3753
3673
3754
3674
3755
3675
3756
3676
3757
3677
3758
3678
3759
3679
3760
3680
3761
3681
3762
3682
3763
3683
3764
3684
3765
3685
3766
3686
3767
3687
3768
3688
3769
3689
3770
3690
3771
3691
3772
3692
3773
3693
3774
3694
3775
3695
3776
3696
3777
3697
3778
3698
3779
3699
3780
3700
3781
3701
3782
3702
3783
3703
3784
3704
3785
3705
3786
3706
3787
3707
3788
3708
3789
3709
3790
3710
3791
3711
3792
3712
3793
3713
3794
3714
3795
3715
3796
3717
3797
3718
3798
3719
3799
3720
3800
3721
3801
3722
3802
3723
3803
3724
3804
3805
3726
3806
3727
3807
3728
3808
3729
3809
3730
3810
3731
3811
3732
3812
3733
3813
3734
3814
3735
3815
3736
3816
3737
3817
3738
3818
3739
3819
3740
3820
3741
3821
3742
3822
3743
3823
3744
3824
3745
3825
3746
3826
3747
3827
3748
3828
3749
3829
3750
3830
3751
3831
3752
3832
3753
3833
3754
3834
3755
3835
3756
3836
3757
3837
3758
3838
3759
3839
3760
3840
3761
3841
3762
3842
3763
3843
3764
3844
3765
3845
3766
3846
3767
3847
3768
3848
3769
3849
3770
3850
3771
3851
3772
3852
3773
3853
3774
3854
3775
3855
3776
3856
3777
3857
3778
3858
3779
3859
3780
3860
3781
3861
3782
3862
3783
3863
3784
3864
3785
3865
3786
3866
3787
3867
3788
3868
3789
3869
3790
3870
3791
3871
3792
3872
3793
3873
3794
3874
3795
3875
3796
3876
3877
3798
3878
3799
3879
3800
3880
3801
3881
3802
3882
3803
3883
3804
3884
3805
3885
3886
3807
3887
3808
3888
3809
3889
3810
3890
3811
3891
3812
3892
3813
3893
3814
3894
3815
3895
3816
3896
3817
3897
3818
3898
3819
3899
3820
3900
3821
3901
3822
3902
3823
3903
3824
3904
3825
3905
3826
3906
3827
3907
3828
3908
3829
3909
3830
3910
3831
3911
3832
3912
3833
3913
3834
3914
3835
3915
3836
3916
3837
3917
3838
3918
3839
3919
3840
3920
3841
3921
3842
3922
3843
3923
3844
3924
3845
3925
3846
3926
3847
3927
3848
3928
3849
3929
3850
3930
3851
3931
3852
3932
3853
3933
3854
3934
3855
3935
3856
3936
3857
3937
3858
3938
3859
3939
3860
3940
3861
3941
3862
3942
3863
3943
3864
3944
3865
3945
3866
3946
3867
3947
3868
3948
3869
3949
3870
3950
3871
3951
3872
3952
3873
3953
3874
3954
3875
3955
3876
3956
3877
3957
3958
3879
3959
3880
3960
3881
3961
3882
3962
3883
3963
3884
3964
3885
3965
3886
3966
3967
3888
3968
3889
3969
3890
3970
3891
3971
3892
3972
3893
3973
3894
3974
3895
3975
3896
3976
3897
3977
3898
3978
3899
3979
3900
3980
3901
3981
3902
3982
3903
3983
3904
3984
3905
3985
3906
3986
3907
3987
3908
3988
3909
3989
3910
3990
3911
3991
3912
3992
3913
3993
3914
3994
3915
3995
3916
3996
3917
3997
3918
3998
3919
3999
3920
4000
3921
4001
3922
4002
3923
4003
3924
4004
3925
4005
3926
4006
3927
4007
3928
4008
3929
4009
3930
4010
3931
4011
3932
4012
3933
4013
3934
4014
3935
4015
3936
4016
3937
4017
3938
4018
3939
4019
3940
4020
3941
4021
3942
4022
3943
4023
3944
4024
3945
4025
3946
4026
3947
4027
3948
4028
3949
4029
3950
4030
3951
4031
3952
4032
3953
4033
3954
4034
3955
4035
3956
4036
3957
4037
3958
4038
4039
3960
4040
3961
4041
3962
4042
3963
4043
3964
4044
3965
4045
3966
4046
3967
4047
4048
3969
4049
3970
4050
3971
4051
3972
4052
3973
4053
3974
4054
3975
4055
3976
4056
3977
4057
3978
4058
3979
4059
3980
4060
3981
4061
3982
4062
3983
4063
3984
4064
3985
4065
3986
4066
3987
4067
3988
4068
3989
4069
3990
4070
3991
4071
3992
4072
3993
4073
3994
4074
3995
4075
3996
4076
3997
4077
3998
4078
3999
4079
4000
4080
4001
4081
4002
4082
4003
4083
4004
4084
4005
4085
4006
4086
4007
4087
4008
4088
4009
4089
4010
4090
4011
4091
4012
4092
4013
4093
4014
4094
4015
4095
4016
4096
4017
4097
4018
4098
4019
4099
4020
4100
4021
4101
4022
4102
4023
4103
4024
4104
4025
4105
4026
4106
4027
4107
4028
4108
4029
4109
4030
4110
4031
4111
4032
4112
4033
4113
4034
4114
4035
4115
4036
4116
4037
4117
4038
4118
4039
4119
4120
4041
4121
4042
4122
4043
4123
4044
4124
4045
4125
4046
4126
4047
4127
4048
4128
4129
4050
4130
4051
4131
4052
4132
4053
4133
4054
4134
4055
4135
4056
4136
4057
4137
4058
4138
4059
4139
4060
4140
4061
4141
4062
4142
4063
4143
4064
4144
4065
4145
4066
4146
4067
4147
4068
4148
4069
4149
4070
4150
4071
4151
4072
4152
4073
4153
4074
4154
4075
4155
4076
4156
4077
4157
4078
4158
4079
4159
4080
4160
4081
4161
4082
4162
4083
4163
4084
4164
4085
4165
4086
4166
4087
4167
4088
4168
4089
4169
4090
4170
4091
4171
4092
4172
4093
4173
4094
4174
4095
4175
4096
4176
4097
4177
4098
4178
4099
4179
4100
4180
4101
4181
4102
4182
4103
4183
4104
4184
4105
4185
4106
4186
4107
4187
4108
4188
4109
4189
4110
4190
4111
4191
4112
4192
4113
4193
4114
4194
4115
4195
4116
4196
4117
4197
4118
4198
4119
4199
4120
4200
4201
4122
4202
4123
4203
4124
4204
4125
4205
4126
4206
4127
4207
4128
4208
4129
4209
4210
4131
4211
4132
4212
4133
4213
4134
4214
4135
4215
4136
4216
4137
4217
4138
4218
4139
4219
4140
4220
4141
4221
4142
4222
4143
4223
4144
4224
4145
4225
4146
4226
4147
4227
4148
4228
4149
4229
4150
4230
4151
4231
4152
4232
4153
4233
4154
4234
4155
4235
4156
4236
4157
4237
4158
4238
4159
4239
4160
4240
4161
4241
4162
4242
4163
4243
4164
4244
4165
4245
4166
4246
4167
4247
4168
4248
4169
4249
4170
4250
4171
4251
4172
4252
4173
4253
4174
4254
4175
4255
4176
4256
4177
4257
4178
4258
4179
4259
4180
4260
4181
4261
4182
4262
4183
4263
4184
4264
4185
4265
4186
4266
4187
4267
4188
4268
4189
4269
4190
4270
4191
4271
4192
4272
4193
4273
4194
4274
4195
4275
4196
4276
4197
4277
4198
4278
4199
4279
4200
4280
4201
4281
4282
4203
4283
4204
4284
4205
4285
4206
4286
4207
4287
4208
4288
4209
4289
4210
4290
4291
4212
4292
4213
4293
4214
4294
4215
4295
4216
4296
4217
4297
4218
4298
4219
4299
4220
4300
4221
4301
4222
4302
4223
4303
4224
4304
4225
4305
4226
4306
4227
4307
4228
4308
4229
4309
4230
4310
4231
4311
4232
4312
4233
4313
4234
4314
4235
4315
4236
4316
4237
4317
4238
4318
4239
4319
4240
4320
4241
4321
4242
4322
4243
4323
4244
4324
4245
4325
4246
4326
4247
4327
4248
4328
4249
4329
4250
4330
4251
4331
4252
4332
4253
4333
4254
4334
4255
4335
4256
4336
4257
4337
4258
4338
4259
4339
4260
4340
4261
4341
4262
4342
4263
4343
4264
4344
4265
4345
4266
4346
4267
4347
4268
4348
4269
4349
4270
4350
4271
4351
4272
4352
4273
4353
4274
4354
4275
4355
4276
4356
4277
4357
4278
4358
4279
4359
4280
4360
4281
4361
4282
4362
4363
4284
4285
4364
4286
4365
4287
4366
4288
4367
4289
4368
4290
4369
4291
4370
4371
4293
4372
4294
4373
4295
4374
4296
4375
4297
4376
4298
4377
4299
4378
4300
4379
4301
4380
4302
4381
4303
4382
4304
4383
4305
4384
4306
4385
4307
4386
4308
4387
4309
4388
4310
4389
4311
4390
4312
4391
4313
4392
4314
4393
4315
4394
4316
4395
4317
4396
4318
4397
4319
4398
4320
4399
4321
4400
4322
4401
4323
4402
4324
4403
4325
4404
4326
4405
4327
4406
4328
4407
4329
4408
4330
4409
4331
4410
4332
4411
4333
4412
4334
4413
4335
4414
4336
4415
4337
4416
4338
4417
4339
4418
4340
4419
4341
4420
4342
4421
4343
4422
4344
4423
4345
4424
4346
4425
4347
4426
4348
4427
4349
4428
4350
4429
4351
4430
4352
4431
4353
4432
4354
4433
4355
4434
4356
4435
4357
4436
4358
4437
4359
4438
4360
4439
4361
4440
4362
4441
4363
4442
4443
4365
4444
4366
4445
4367
4446
4368
4447
4369
4448
4370
4449
4371
4450
4451
4373
4452
4374
4453
4375
4454
4376
4455
4377
4456
4378
4457
4379
4458
4380
4459
4381
4460
4382
4461
4383
4462
4384
4463
4385
4464
4386
4465
4387
4466
4388
4467
4389
4468
4390
4469
4391
4470
4392
4471
4393
4472
4394
4473
4395
4474
4396
4475
4397
4476
4398
4477
4399
4478
4400
4479
4401
4480
4402
4481
4403
4482
4404
4483
4405
4484
4406
4485
4407
4486
4408
4487
4409
4488
4410
4489
4411
4490
4412
4491
4413
4492
4414
4493
4415
4494
4416
4495
4417
4496
4418
4497
4419
4498
4420
4499
4421
4500
4422
4501
4423
4502
4424
4503
4425
4504
4426
4505
4427
4506
4428
4507
4429
4508
4430
4509
4431
4510
4432
4511
4433
4512
4434
4513
4435
4514
4436
4515
4437
4516
4438
4517
4439
4518
4440
4519
4441
4520
4442
4521
4443
4522
4523
4445
4524
4446
4525
4447
4526
4448
4527
4449
4528
4450
4529
4451
4530
4531
4453
4532
4454
4533
4455
4534
4456
4535
4457
4536
4458
4537
4459
4538
4460
4539
4461
4540
4462
4541
4463
4542
4464
4543
4465
4544
4466
4545
4467
4546
4468
4547
4469
4548
4470
4549
4471
4550
4472
4551
4473
4552
4474
4553
4475
4554
4476
4555
4477
4556
4478
4557
4479
4558
4480
4559
4481
4560
4482
4561
4483
4562
4484
4563
4485
4564
4486
4565
4487
4566
4488
4567
4489
4568
4490
4569
4491
4570
4492
4571
4493
4572
4494
4573
4495
4574
4496
4575
4497
4576
4498
4577
4499
4578
4500
4579
4501
4580
4502
4581
4503
4582
4504
4583
4505
4584
4506
4585
4507
4586
4508
4587
4509
4588
4510
4589
4511
4590
4512
4591
4513
4592
4514
4593
4515
4594
4516
4595
4517
4596
4518
4597
4519
4598
4520
4599
4521
4600
4522
4601
4523
4602
4603
4525
4604
4526
4605
4527
4606
4528
4607
4529
4608
4530
4609
4531
4610
4611
4533
4612
4534
4613
4535
4614
4536
4615
4537
4616
4538
4617
4539
4618
4540
4619
4541
4620
4542
4621
4543
4622
4544
4623
4545
4624
4546
4625
4547
4626
4548
4627
4549
4628
4550
4629
4551
4630
4552
4631
4553
4632
4554
4633
4555
4634
4556
4635
4557
4636
4558
4637
4559
4638
4560
4639
4561
4640
4562
4641
4563
4642
4564
4643
4565
4644
4566
4645
4567
4646
4568
4647
4569
4648
4570
4649
4571
4650
4572
4651
4573
4652
4574
4653
4575
4654
4576
4655
4577
4656
4578
4657
4579
4658
4580
4659
4581
4660
4582
4661
4583
4662
4584
4663
4585
4664
4586
4665
4587
4666
4588
4667
4589
4668
4590
4669
4591
4670
4592
4671
4593
4672
4594
4673
4595
4674
4596
4675
4597
4676
4598
4677
4599
4678
4600
4679
4601
4680
4602
4681
4603
4682
4683
4605
4685
4606
4686
4607
4687
4608
4688
4609
4689
4610
4690
4611
4691
4692
4613
4693
4614
4694
4615
4695
4616
4696
4617
4697
4618
4698
4619
4699
4620
4700
4621
4701
4622
4702
4623
4703
4624
4704
4625
4705
4626
4706
4627
4707
4628
4708
4629
4709
4630
4710
4631
4711
4632
4712
4633
4713
4634
4714
4635
4715
4636
4716
4637
4717
4638
4718
4639
4719
4640
4720
4641
4721
4642
4722
4643
4723
4644
4724
4645
4725
4646
4726
4647
4727
4648
4728
4649
4729
4650
4730
4651
4731
4652
4732
4653
4733
4654
4734
4655
4735
4656
4736
4657
4737
4658
4738
4659
4739
4660
4740
4661
4741
4662
4742
4663
4743
4664
4744
4665
4745
4666
4746
4667
4747
4668
4748
4669
4749
4670
4750
4671
4751
4672
4752
4673
4753
4674
4754
4675
4755
4676
4756
4677
4757
4678
4758
4679
4759
4680
4760
4681
4761
4682
4762
4683
4763
4764
4685
4765
4686
4766
4687
4767
4688
4768
4689
4769
4690
4770
4691
4771
4692
4772
4773
4694
4774
4695
4775
4696
4776
4697
4777
4698
4778
4699
4779
4700
4780
4701
4781
4702
4782
4703
4783
4704
4784
4705
4785
4706
4786
4707
4787
4708
4788
4709
4789
4710
4790
4711
4791
4712
4792
4713
4793
4714
4794
4715
4795
4716
4796
4717
4797
4718
4798
4719
4799
4720
4800
4721
4801
4722
4802
4723
4803
4724
4804
4725
4805
4726
4806
4727
4807
4728
4808
4729
4809
4730
4810
4731
4811
4732
4812
4733
4813
4734
4814
4735
4815
4736
4816
4737
4817
4738
4818
4739
4819
4740
4820
4741
4821
4742
4822
4743
4823
4744
4824
4745
4825
4746
4826
4747
4827
4748
4828
4749
4829
4750
4830
4751
4831
4752
4832
4753
4833
4754
4834
4755
4835
4756
4836
4757
4837
4758
4838
4759
4839
4760
4840
4761
4841
4762
4842
4763
4843
4764
4844
4845
4766
4846
4767
4847
4768
4848
4769
4849
4770
4850
4771
4851
4772
4852
4773
4853
4854
4775
4855
4776
4856
4777
4857
4778
4858
4779
4859
4780
4860
4781
4861
4782
4862
4783
4863
4784
4864
4785
4865
4786
4866
4787
4867
4788
4868
4789
4869
4790
4870
4791
4871
4792
4872
4793
4873
4794
4874
4795
4875
4796
4876
4797
4877
4798
4878
4799
4879
4800
4880
4801
4881
4802
4882
4803
4883
4804
4884
4805
4885
4806
4886
4807
4887
4808
4888
4809
4889
4810
4890
4811
4891
4812
4892
4813
4893
4814
4894
4815
4895
4816
4896
4817
4897
4818
4898
4819
4899
4820
4900
4821
4901
4822
4902
4823
4903
4824
4904
4825
4905
4826
4906
4827
4907
4828
4908
4829
4909
4830
4910
4831
4911
4832
4912
4833
4913
4834
4914
4835
4915
4836
4916
4837
4917
4838
4918
4839
4919
4840
4920
4841
4921
4842
4922
4843
4923
4844
4924
4845
4925
4926
4847
4927
4848
4928
4849
4929
4850
4930
4851
4931
4852
4932
4853
4933
4854
4934
4935
4856
4936
4857
4937
4858
4938
4859
4939
4860
4940
4861
4941
4862
4942
4863
4943
4864
4944
4865
4945
4866
4946
4867
4947
4868
4948
4869
4949
4870
4950
4871
4951
4872
4952
4873
4953
4874
4954
4875
4955
4876
4956
4877
4957
4878
4958
4879
4959
4880
4960
4881
4961
4882
4962
4883
4963
4884
4964
4885
4965
4886
4966
4887
4967
4888
4968
4889
4969
4890
4970
4891
4971
4892
4972
4893
4973
4894
4974
4895
4975
4896
4976
4897
4977
4898
4978
4899
4979
4900
4980
4901
4981
4902
4982
4903
4983
4904
4984
4905
4985
4906
4986
4907
4987
4908
4988
4909
4989
4910
4990
4911
4991
4912
4992
4913
4993
4914
4994
4915
4995
4916
4996
4917
4997
4918
4998
4919
4999
4920
5000
4921
5001
4922
5002
4923
5003
4924
5004
4925
5005
4926
5006
5007
4928
5008
4929
5009
4930
5010
4931
5011
4932
5012
4933
5013
4934
5014
4935
5015
5016
4937
5017
4938
5018
4939
5019
4940
5020
4941
5021
4942
5022
4943
5023
4944
5024
4945
5025
4946
5026
4947
5027
4948
5028
4949
5029
4950
5030
4951
5031
4952
5032
4953
5033
4954
5034
4955
5035
4956
5036
4957
5037
4958
5038
4959
5039
4960
5040
4961
5041
4962
5042
4963
5043
4964
5044
4965
5045
4966
5046
4967
5047
4968
5048
4969
5049
4970
5050
4971
5051
4972
5052
4973
5053
4974
5054
4975
5055
4976
5056
4977
5057
4978
5058
4979
5059
4980
5060
4981
5061
4982
5062
4983
5063
4984
5064
4985
5065
4986
5066
4987
5067
4988
5068
4989
5069
4990
5070
4991
5071
4992
5072
4993
5073
4994
5074
4995
5075
4996
5076
4997
5077
4998
5078
4999
5079
5000
5080
5001
5081
5002
5082
5003
5083
5004
5084
5005
5085
5006
5086
5007
5087
5088
5009
5089
5010
5090
5011
5091
5012
5092
5013
5093
5014
5094
5015
5095
5016
5096
5097
5018
5098
5019
5099
5020
5100
5021
5101
5022
5102
5023
5103
5024
5104
5025
5105
5026
5106
5027
5107
5028
5108
5029
5109
5030
5110
5031
5111
5032
5112
5033
5113
5034
5114
5035
5115
5036
5116
5037
5117
5038
5118
5039
5119
5040
5120
5041
5121
5042
5122
5043
5123
5044
5124
5045
5125
5046
5126
5047
5127
5048
5128
5049
5129
5050
5130
5051
5131
5052
5132
5053
5133
5054
5134
5055
5135
5056
5136
5057
5137
5058
5138
5059
5139
5060
5140
5061
5141
5062
5142
5063
5143
5064
5144
5065
5145
5066
5146
5067
5147
5068
5148
5069
5149
5070
5150
5071
5151
5072
5152
5073
5153
5074
5154
5075
5155
5076
5156
5077
5157
5078
5158
5079
5159
5080
5160
5081
5161
5082
5162
5083
5163
5084
5164
5085
5165
5086
5166
5087
5167
5088
5168
5169
5090
5170
5091
5171
5092
5172
5093
5173
5094
5174
5095
5175
5096
5176
5097
5177
5178
5099
5179
5100
5180
5101
5181
5102
5182
5103
5183
5104
5184
5105
5185
5106
5186
5107
5187
5108
5188
5109
5189
5110
5190
5111
5191
5112
5192
5113
5193
5114
5194
5115
5195
5116
5196
5117
5197
5118
5198
5119
5199
5120
5200
5121
5201
5122
5202
5123
5203
5124
5204
5125
5205
5126
5206
5127
5207
5128
5208
5129
5209
5130
5210
5131
5211
5132
5212
5133
5213
5134
5214
5135
5215
5136
5216
5137
5217
5138
5218
5139
5219
5140
5220
5141
5221
5142
5222
5143
5223
5144
5224
5145
5225
5146
5226
5147
5227
5148
5228
5149
5229
5150
5230
5151
5231
5152
5232
5153
5233
5154
5234
5155
5235
5156
5236
5157
5237
5158
5238
5159
5239
5160
5240
5161
5241
5162
5242
5163
5243
5164
5244
5165
5245
5166
5246
5167
5247
5168
5248
5169
5249
5250
5171
5252
5172
5253
5173
5254
5174
5255
5175
5256
5176
5257
5177
5258
5178
5259
5260
5180
5261
5181
5262
5182
5263
5183
5264
5184
5265
5185
5266
5186
5267
5187
5268
5188
5269
5189
5270
5190
5271
5191
5272
5192
5273
5193
5274
5194
5275
5195
5276
5196
5277
5197
5278
5198
5279
5199
5280
5200
5281
5201
5282
5202
5283
5203
5284
5204
5285
5205
5286
5206
5287
5207
5288
5208
5289
5209
5290
5210
5291
5211
5292
5212
5293
5213
5294
5214
5295
5215
5296
5216
5297
5217
5298
5218
5299
5219
5300
5220
5301
5221
5302
5222
5303
5223
5304
5224
5305
5225
5306
5226
5307
5227
5308
5228
5309
5229
5310
5230
5311
5231
5312
5232
5313
5233
5314
5234
5315
5235
5316
5236
5317
5237
5318
5238
5319
5239
5320
5240
5321
5241
5322
5242
5323
5243
5324
5244
5325
5245
5326
5246
5327
5247
5328
5248
5329
5249
5330
5250
5331
5251
5332
5333
5253
5336
5254
5337
5255
5338
5256
5339
5257
5340
5258
5341
5259
5342
5260
5343
5344
5262
5345
5263
5346
5264
5347
5265
5348
5266
5349
5267
5350
5268
5351
5269
5352
5270
5353
5271
5354
5272
5355
5273
5356
5274
5357
5275
5358
5276
5359
5277
5360
5278
5361
5279
5362
5280
5363
5281
5364
5282
5365
5283
5366
5284
5367
5285
5368
5286
5369
5287
5370
5288
5371
5289
5372
5290
5373
5291
5374
5292
5375
5293
5376
5294
5377
5295
5378
5296
5379
5297
5380
5298
5381
5299
5382
5300
5383
5301
5384
5302
5385
5303
5386
5304
5387
5305
5388
5306
5389
5307
5390
5308
5391
5309
5392
5310
5393
5311
5394
5312
5395
5313
5396
5314
5397
5315
5398
5316
5399
5317
5400
5318
5401
5319
5402
5320
5403
5321
5404
5322
5405
5323
5406
5324
5407
5325
5408
5326
5409
5327
5410
5328
5411
5329
5412
5330
5413
5331
5414
5332
5415
5333
5416
5417
5335
5418
5419
5337
5421
5338
5422
5339
5423
5340
5424
5341
5425
5342
5426
5343
5427
5344
5428
5429
5346
5430
5347
5431
5348
5432
5349
5433
5350
5434
5351
5435
5352
5436
5353
5437
5354
5438
5355
5439
5356
5440
5357
5441
5358
5442
5359
5443
5360
5444
5361
5445
5362
5446
5363
5447
5364
5448
5365
5449
5366
5450
5367
5451
5368
5452
5369
5453
5370
5454
5371
5455
5372
5456
5373
5457
5374
5458
5375
5459
5376
5460
5377
5461
5378
5462
5379
5463
5380
5464
5381
5465
5382
5466
5383
5467
5384
5468
5385
5469
5386
5470
5387
5471
5388
5472
5389
5473
5390
5474
5391
5475
5392
5476
5393
5477
5394
5478
5395
5479
5396
5480
5397
5481
5398
5482
5399
5483
5400
5484
5401
5485
5402
5486
5403
5487
5404
5488
5405
5489
5406
5490
5407
5491
5408
5492
5409
5493
5410
5494
5411
5495
5412
5496
5413
5497
5414
5498
5415
5499
5416
5500
5417
5501
5502
5419
5504
5505
5421
5506
5422
5507
5423
5508
5424
5509
5425
5510
5426
5511
5427
5512
5428
5513
5429
5514
5515
5431
5516
5432
5517
5433
5518
5434
5519
5435
5520
5436
5521
5437
5522
5438
5523
5439
5524
5440
5525
5441
5526
5442
5527
5443
5528
5444
5529
5445
5530
5446
5531
5447
5532
5448
5533
5449
5534
5450
5535
5451
5536
5452
5537
5453
5538
5454
5539
5455
5540
5456
5541
5457
5542
5458
5543
5459
5544
5460
5545
5461
5546
5462
5547
5463
5548
5464
5549
5465
5550
5466
5551
5467
5552
5468
5553
5469
5554
5470
5555
5471
5556
5472
5557
5473
5558
5474
5559
5475
5560
5476
5561
5477
5562
5478
5563
5479
5564
5480
5565
5481
5566
5482
5567
5483
5568
5484
5569
5485
5570
5486
5571
5487
5572
5488
5573
5489
5574
5490
5575
5491
5576
5492
5577
5493
5578
5494
5579
5495
5580
5496
5581
5497
5582
5498
5583
5499
5584
5500
5585
5501
5586
5502
5587
5588
5504
5589
5505
5590
5591
5507
5592
5508
5593
5509
5594
5510
5595
5511
5596
5512
5597
5513
5598
5514
5599
5515
5600
5601
5517
5602
5518
5603
5519
5604
5520
5605
5521
5606
5522
5607
5523
5608
5524
5609
5525
5610
5526
5611
5527
5612
5528
5613
5529
5614
5530
5615
5531
5616
5532
5617
5533
5618
5534
5619
5535
5620
5536
5621
5537
5622
5538
5623
5539
5624
5540
5625
5541
5626
5542
5627
5543
5628
5544
5629
5545
5630
5546
5631
5547
5632
5548
5633
5549
5634
5550
5635
5551
5636
5552
5637
5553
5638
5554
5639
5555
5640
5556
5641
5557
5642
5558
5643
5559
5644
5560
5645
5561
5646
5562
5647
5563
5648
5564
5649
5565
5650
5566
5651
5567
5652
5568
5653
5569
5654
5570
5655
5571
5656
5572
5657
5573
5658
5574
5659
5575
5660
5576
5661
5577
5662
5578
5663
5579
5664
5580
5665
5581
5666
5582
5667
5583
5668
5584
5669
5585
5670
5586
5671
5587
5672
5588
5673
5674
5590
5676
5591
5677
5678
5593
5680
5594
5681
5595
5682
5596
5683
5597
5684
5598
5685
5599
5686
5600
5687
5601
5688
5689
5603
5690
5604
5691
5605
5692
5606
5693
5607
5694
5608
5695
5609
5696
5610
5697
5611
5698
5612
5699
5613
5700
5614
5701
5615
5702
5616
5703
5617
5704
5618
5705
5619
5706
5620
5707
5621
5708
5622
5709
5623
5710
5624
5711
5625
5712
5626
5713
5627
5714
5628
5715
5629
5716
5630
5717
5631
5718
5632
5719
5633
5720
5634
5721
5635
5722
5636
5723
5637
5724
5638
5725
5639
5726
5640
5727
5641
5728
5642
5729
5643
5730
5644
5731
5645
5732
5646
5733
5647
5734
5648
5735
5649
5736
5650
5737
5651
5738
5652
5739
5653
5740
5654
5741
5655
5742
5656
5743
5657
5744
5658
5745
5659
5746
5660
5747
5661
5748
5662
5749
5663
5750
5664
5751
5665
5752
5666
5753
5667
5754
5668
5755
5669
5756
5670
5757
5671
5758
5672
5759
5673
5760
5674
5761
5675
5762
5763
5677
5765
5678
5766
5679
5767
5768
5681
5770
5682
5771
5683
5772
5684
5773
5685
5774
5686
5775
5687
5776
5688
5777
5689
5778
5779
5691
5780
5692
5781
5693
5782
5694
5783
5695
5784
5696
5785
5697
5786
5698
5787
5699
5788
5700
5789
5701
5790
5702
5791
5703
5792
5704
5793
5705
5794
5706
5795
5707
5796
5708
5797
5709
5798
5710
5799
5711
5800
5712
5801
5713
5802
5714
5803
5715
5804
5716
5805
5717
5806
5718
5807
5719
5808
5720
5809
5721
5810
5722
5811
5723
5812
5724
5813
5725
5814
5726
5815
5727
5816
5728
5817
5729
5818
5730
5819
5731
5820
5732
5821
5733
5822
5734
5823
5735
5824
5736
5825
5737
5826
5738
5827
5739
5828
5740
5829
5741
5830
5742
5831
5743
5832
5744
5833
5745
5834
5746
5835
5747
5836
5748
5837
5749
5838
5750
5839
5751
5840
5752
5841
5753
5842
5754
5843
5755
5844
5756
5845
5757
5846
5758
5847
5759
5848
5760
5849
5761
5850
5762
5851
5763
5852
5853
5765
5855
5766
5856
5767
5857
5768
5858
5859
5770
5860
5771
5861
5772
5862
5773
5863
5774
5864
5775
5865
5776
5866
5777
5867
5778
5868
5779
5869
5870
5781
5871
5782
5872
5783
5873
5784
5874
5785
5875
5786
5876
5787
5877
5788
5878
5789
5879
5790
5880
5791
5881
5792
5882
5793
5883
5794
5884
5795
5885
5796
5886
5797
5887
5798
5888
5799
5889
5800
5890
5801
5891
5802
5892
5803
5893
5804
5894
5805
5895
5806
5896
5807
5897
5808
5898
5809
5899
5810
5900
5811
5901
5812
5902
5813
5903
5814
5904
5815
5905
5816
5906
5817
5907
5818
5908
5819
5909
5820
5910
5821
5911
5822
5912
5823
5913
5824
5914
5825
5915
5826
5916
5827
5917
5828
5918
5829
5919
5830
5920
5831
5921
5832
5922
5833
5923
5834
5924
5835
5925
5836
5926
5837
5927
5838
5928
5839
5929
5840
5930
5841
5931
5842
5932
5843
5933
5844
5934
5845
5935
5846
5936
5847
5937
5848
5938
5849
5939
5850
5940
5851
5941
5852
5942
5853
5943
5854
5944
5945
5856
5947
5857
5948
5858
5949
5859
5950
5951
5861
5954
5862
5955
5863
5956
5864
5957
5865
5958
5866
5959
5867
5960
5868
5961
5869
5962
5870
5963
5964
5872
5965
5873
5966
5874
5967
5875
5968
5876
5969
5877
5970
5878
5971
5879
5972
5880
5973
5881
5974
5882
5975
5883
5976
5884
5977
5885
5978
5886
5979
5887
5980
5888
5981
5889
5982
5890
5983
5891
5984
5892
5985
5893
5986
5894
5987
5895
5988
5896
5989
5897
5990
5898
5991
5899
5992
5900
5993
5901
5994
5902
5995
5903
5996
5904
5997
5905
5998
5906
5999
5907
6000
5908
6001
5909
6002
5910
6003
5911
6004
5912
6005
5913
6006
5914
6007
5915
6008
5916
6009
5917
6010
5918
6011
5919
6012
5920
6013
5921
6014
5922
6015
5923
6016
5924
6017
5925
6018
5926
6019
5927
6020
5928
6021
5929
6022
5930
6023
5931
6024
5932
6025
5933
6026
5934
6027
5935
6028
5936
6029
5937
6030
5938
6031
5939
6032
5940
6033
5941
6034
5942
6035
5943
6036
5944
6037
5945
6038
6039
5947
6043
5948
6044
5949
6045
5950
6046
5951
6047
5952
6048
6049
5954
6053
5955
6054
5956
6055
5957
6056
5958
6057
5959
6058
5960
6059
5961
6060
5962
6061
5963
6062
5964
6063
6064
5966
6065
5967
6066
5968
6067
5969
6068
5970
6069
5971
6070
5972
6071
5973
6072
5974
6073
5975
6074
5976
6075
5977
6076
5978
6077
5979
6078
5980
6079
5981
6080
5982
6081
5983
6082
5984
6083
5985
6084
5986
6085
5987
6086
5988
6087
5989
6088
5990
6089
5991
6090
5992
6091
5993
6092
5994
6093
5995
6094
5996
6095
5997
6096
5998
6097
5999
6098
6000
6099
6001
6100
6002
6101
6003
6102
6004
6103
6005
6104
6006
6105
6007
6106
6008
6107
6009
6108
6010
6109
6011
6110
6012
6111
6013
6112
6014
6113
6015
6114
6016
6115
6017
6116
6018
6117
6019
6118
6020
6119
6021
6120
6022
6121
6023
6122
6024
6123
6025
6124
6026
6125
6027
6126
6028
6127
6029
6128
6030
6129
6031
6130
6032
6131
6033
6132
6034
6133
6035
6134
6036
6135
6037
6136
6038
6137
6039
6138
6040
6139
6041
6140
6042
6141
6043
6142
6044
6143
6045
6144
6046
6145
6047
6146
6048
6147
6049
6148
6050
6149
6051
6150
6052
6151
6053
6152
6054
6153
6055
6154
6056
6155
6057
6156
6058
6157
6059
6158
6060
6159
6061
6160
6062
6161
6063
6162
6064
6163
6164
6066
6165
6067
6166
6068
6167
6069
6168
6070
6169
6071
6170
6072
6171
6073
6172
6074
6173
6075
6174
6076
6175
6077
6176
6078
6177
6079
6178
6080
6179
6081
6180
6082
6181
6083
6182
6084
6183
6085
6184
6086
6185
6087
6186
6088
6187
6089
6188
6090
6189
6091
6190
6092
6191
6093
6192
6094
6193
6095
6194
6096
6195
6097
6196
6098
6197
6099
6198
6100
6199
6101
6200
6102
6201
6103
6202
6104
6203
6105
6204
6106
6205
6107
6206
6108
6207
6109
6208
6110
6209
6111
6210
6112
6211
6113
6212
6114
6213
6115
6214
6116
6215
6117
6216
6118
6217
6119
6218
6120
6219
6121
6220
6122
6221
6123
6222
6124
6223
6125
6224
6126
6225
6127
6226
6128
6227
6129
6228
6130
6229
6131
6230
6132
6231
6133
6232
6134
6233
6135
6234
6136
6235
6137
6236
6138
6237
6139
6238
6140
6239
6141
6240
6142
6241
6143
6242
6144
6243
6145
6244
6146
6245
6147
6246
6148
6247
6149
6248
6150
6249
6151
6250
6152
6251
6153
6252
6154
6253
6155
6254
6156
6255
6157
6256
6158
6257
6159
6258
6160
6259
6161
6260
6162
6261
6163
6262
6164
6263
6264
6166
6265
6167
6266
6168
6267
6169
6268
6170
6269
6171
6270
6172
6271
6173
6272
6174
6273
6175
6274
6176
6275
6177
6276
6178
6277
6179
6278
6180
6279
6181
6280
6182
6281
6183
6282
6184
6283
6185
6284
6186
6285
6187
6286
6188
6287
6189
6288
6190
6289
6191
6290
6192
6291
6193
6292
6194
6293
6195
6294
6196
6295
6197
6296
6198
6297
6199
6298
6200
6299
6201
6300
6202
6301
6203
6302
6204
6303
6205
6304
6206
6305
6207
6306
6208
6307
6209
6308
6210
6309
6211
6310
6212
6311
6213
6312
6214
6313
6215
6314
6216
6315
6217
6316
6218
6317
6219
6318
6220
6319
6221
6320
6222
6321
6223
6322
6224
6323
6225
6324
6226
6325
6227
6326
6228
6327
6229
6328
6230
6329
6231
6330
6232
6331
6233
6332
6234
6333
6235
6334
6236
6335
6237
6336
6238
6337
6239
6338
6240
6339
6241
6340
6242
6341
6243
6342
6244
6343
6245
6344
6246
6345
6247
6346
6248
6347
6249
6348
6250
6349
6251
6350
6252
6351
6253
6352
6254
6353
6255
6354
6256
6355
6257
6356
6258
6357
6259
6358
6260
6359
6261
6360
6262
6361
6263
6362
6264
6363
6364
6266
6365
6267
6366
6268
6367
6269
6368
6270
6369
6271
6370
6272
6371
6273
6372
6274
6373
6275
6374
6276
6375
6277
6376
6278
6377
6279
6378
6280
6379
6281
6380
6282
6381
6283
6382
6284
6383
6285
6384
6286
6385
6287
6386
6288
6387
6289
6388
6290
6389
6291
6390
6292
6391
6293
6392
6294
6393
6295
6394
6296
6395
6297
6396
6298
6397
6299
6398
6300
6399
6301
6400
6302
6401
6303
6402
6304
6403
6305
6404
6306
6405
6307
6406
6308
6407
6309
6408
6310
6409
6311
6410
6312
6411
6313
6412
6314
6413
6315
6414
6316
6415
6317
6416
6318
6417
6319
6418
6320
6419
6321
6420
6322
6421
6323
6422
6324
6423
6325
6424
6326
6425
6327
6426
6328
6427
6329
6428
6330
6429
6331
6430
6332
6431
6333
6432
6334
6433
6335
6434
6336
6435
6337
6436
6338
6437
6339
6438
6340
6439
6341
6440
6342
6441
6343
6442
6344
6443
6345
6444
6346
6445
6347
6446
6348
6447
6349
6448
6350
6449
6351
6450
6352
6451
6353
6452
6354
6453
6355
6454
6356
6455
6357
6456
6358
6457
6359
6458
6360
6459
6361
6460
6362
6461
6363
6462
6364
6463
6464
6366
6465
6367
6466
6368
6467
6369
6468
6370
6469
6371
6470
6372
6471
6373
6472
6374
6473
6375
6474
6376
6475
6377
6476
6378
6477
6379
6478
6380
6479
6381
6480
6382
6481
6383
6482
6384
6483
6385
6484
6386
6485
6387
6486
6388
6487
6389
6488
6390
6489
6391
6490
6392
6491
6393
6492
6394
6493
6395
6494
6396
6495
6397
6496
6398
6497
6399
6498
6400
6499
6401
6500
6402
6501
6403
6502
6404
6503
6405
6504
6406
6505
6407
6506
6408
6507
6409
6508
6410
6509
6411
6510
6412
6511
6413
6512
6414
6513
6415
6514
6416
6515
6417
6516
6418
6517
6419
6518
6420
6519
6421
6520
6422
6521
6423
6522
6424
6523
6425
6524
6426
6525
6427
6526
6428
6527
6429
6528
6430
6529
6431
6530
6432
6531
6433
6532
6434
6533
6435
6534
6436
6535
6437
6536
6438
6537
6439
6538
6440
6539
6441
6540
6442
6541
6443
6542
6444
6543
6445
6544
6446
6545
6447
6546
6448
6547
6449
6548
6450
6549
6451
6550
6452
6551
6453
6552
6454
6553
6455
6554
6456
6555
6457
6556
6458
6557
6459
6558
6460
6559
6461
6560
6462
6561
6463
6562
6464
6563
6564
6466
6565
6467
6566
6468
6567
6469
6568
6470
6569
6471
6570
6472
6571
6473
6572
6474
6573
6475
6574
6476
6575
6477
6576
6478
6577
6479
6578
6480
6579
6481
6580
6482
6581
6483
6582
6484
6583
6485
6584
6486
6585
6487
6586
6488
6587
6489
6588
6490
6589
6491
6590
6492
6591
6493
6592
6494
6593
6495
6594
6496
6595
6497
6596
6498
6597
6499
6598
6500
6599
6501
6600
6502
6601
6503
6602
6504
6603
6505
6604
6506
6605
6507
6606
6508
6607
6509
6608
6510
6609
6511
6610
6512
6611
6513
6612
6514
6613
6515
6614
6516
6615
6517
6616
6518
6617
6519
6618
6520
6619
6521
6620
6522
6621
6523
6622
6524
6623
6525
6624
6526
6625
6527
6626
6528
6627
6529
6628
6530
6629
6531
6630
6532
6631
6533
6632
6534
6633
6535
6634
6536
6635
6537
6636
6538
6637
6539
6638
6540
6639
6541
6640
6542
6641
6543
6642
6544
6643
6545
6644
6546
6645
6547
6646
6548
6647
6549
6648
6550
6649
6551
6650
6552
6651
6553
6652
6554
6653
6555
6654
6556
6655
6557
6656
6558
6657
6559
6658
6560
6659
6561
6660
6562
6661
6563
6662
6564
6663
6664
6566
6665
6567
6666
6568
6667
6569
6668
6570
6669
6571
6670
6572
6671
6573
6672
6574
6673
6575
6674
6576
6675
6577
6676
6578
6677
6579
6678
6580
6679
6581
6680
6582
6681
6583
6682
6584
6683
6585
6684
6586
6685
6587
6686
6588
6687
6589
6688
6590
6689
6591
6690
6592
6691
6593
6692
6594
6693
6595
6694
6596
6695
6597
6696
6598
6697
6599
6698
6600
6699
6601
6700
6602
6701
6603
6702
6604
6703
6605
6704
6606
6705
6607
6706
6608
6707
6609
6708
6610
6709
6611
6710
6612
6711
6613
6712
6614
6713
6615
6714
6616
6715
6617
6716
6618
6717
6619
6718
6620
6719
6621
6720
6622
6721
6623
6722
6624
6723
6625
6724
6626
6725
6627
6726
6628
6727
6629
6728
6630
6729
6631
6730
6632
6731
6633
6732
6634
6733
6635
6734
6636
6735
6637
6736
6638
6737
6639
6738
6640
6739
6641
6740
6642
6741
6643
6742
6644
6743
6645
6744
6646
6745
6647
6746
6648
6747
6649
6748
6650
6749
6651
6750
6652
6751
6653
6752
6654
6753
6655
6754
6656
6755
6657
6756
6658
6757
6659
6758
6660
6759
6661
6760
6662
6761
6663
6762
6664
6763
6764
6666
6765
6667
6766
6668
6767
6669
6768
6670
6769
6671
6770
6672
6771
6673
6772
6674
6773
6675
6774
6676
6775
6677
6776
6678
6777
6679
6778
6680
6779
6681
6780
6682
6781
6683
6782
6684
6783
6685
6784
6686
6785
6687
6786
6688
6787
6689
6788
6690
6789
6691
6790
6692
6791
6693
6792
6694
6793
6695
6794
6696
6795
6697
6796
6698
6797
6699
6798
6700
6799
6701
6800
6702
6801
6703
6802
6704
6803
6705
6804
6706
6805
6707
6806
6708
6807
6709
6808
6710
6809
6711
6810
6712
6811
6713
6812
6714
6813
6715
6814
6716
6815
6717
6816
6718
6817
6719
6818
6720
6819
6721
6820
6722
6821
6723
6822
6724
6823
6725
6824
6726
6825
6727
6826
6728
6827
6729
6828
6730
6829
6731
6830
6732
6831
6733
6832
6734
6833
6735
6834
6736
6835
6737
6836
6738
6837
6739
6838
6740
6839
6741
6840
6742
6841
6743
6842
6744
6843
6745
6844
6746
6845
6747
6846
6748
6847
6749
6848
6750
6849
6751
6850
6752
6851
6753
6852
6754
6853
6755
6854
6756
6855
6757
6856
6758
6857
6759
6858
6760
6859
6761
6860
6762
6861
6763
6862
6764
6863
6864
6766
6865
6767
6866
6768
6867
6769
6868
6770
6869
6771
6870
6772
6871
6773
6872
6774
6873
6775
6874
6776
6875
6777
6876
6778
6877
6779
6878
6780
6879
6781
6880
6782
6881
6783
6882
6784
6883
6785
6884
6786
6885
6787
6886
6788
6887
6789
6888
6790
6889
6791
6890
6792
6891
6793
6892
6794
6893
6795
6894
6796
6895
6797
6896
6798
6897
6799
6898
6800
6899
6801
6900
6802
6901
6803
6902
6804
6903
6805
6904
6806
6905
6807
6906
6808
6907
6809
6908
6810
6909
6811
6910
6812
6911
6813
6912
6814
6913
6815
6914
6816
6915
6817
6916
6818
6917
6819
6918
6820
6919
6821
6920
6822
6921
6823
6922
6824
6923
6825
6924
6826
6925
6827
6926
6828
6927
6829
6928
6830
6929
6831
6930
6832
6931
6833
6932
6834
6933
6835
6934
6836
6935
6837
6936
6838
6937
6839
6938
6840
6939
6841
6940
6842
6941
6843
6942
6844
6943
6845
6944
6846
6945
6847
6946
6848
6947
6849
6948
6850
6949
6851
6950
6852
6951
6853
6952
6854
6953
6855
6954
6856
6955
6857
6956
6858
6957
6859
6958
6860
6959
6861
6960
6862
6961
6863
6962
6864
6963
6964
6866
6965
6867
6966
6868
6967
6869
6968
6870
6969
6871
6970
6872
6971
6873
6972
6874
6973
6875
6974
6876
6975
6877
6976
6878
6977
6879
6978
6880
6979
6881
6980
6882
6981
6883
6982
6884
6983
6885
6984
6886
6985
6887
6986
6888
6987
6889
6988
6890
6989
6891
6990
6892
6991
6893
6992
6894
6993
6895
6994
6896
6995
6897
6996
6898
6997
6899
6998
6900
6999
6901
7000
6902
7001
6903
7002
6904
7003
6905
7004
6906
7005
6907
7006
6908
7007
6909
7008
6910
7009
6911
7010
6912
7011
6913
7012
6914
7013
6915
7014
6916
7015
6917
7016
6918
7017
6919
7018
6920
7019
6921
7020
6922
7021
6923
7022
6924
7023
6925
7024
6926
7025
6927
7026
6928
7027
6929
7028
6930
7029
6931
7030
6932
7031
6933
7032
6934
7033
6935
7034
6936
7035
6937
7036
6938
7037
6939
7038
6940
7039
6941
7040
6942
7041
6943
7042
6944
7043
6945
7044
6946
7045
6947
7046
6948
7047
6949
7048
6950
7049
6951
7050
6952
7051
6953
7052
6954
7053
6955
7054
6956
7055
6957
7056
6958
7057
6959
7058
6960
7059
6961
7060
6962
7061
6963
7062
6964
7063
7064
6966
7065
6967
7066
6968
7067
6969
7068
6970
7069
6971
7070
6972
7071
6973
7072
6974
7073
6975
7074
6976
7075
6977
7076
6978
7077
6979
7078
6980
7079
6981
7080
6982
7081
6983
7082
6984
7083
6985
7084
6986
7085
6987
7086
6988
7087
6989
7088
6990
7089
6991
7090
6992
7091
6993
7092
6994
7093
6995
7094
6996
7095
6997
7096
6998
7097
6999
7098
7000
7099
7001
7100
7002
7101
7003
7102
7004
7103
7005
7104
7006
7105
7007
7106
7008
7107
7009
7108
7010
7109
7011
7110
7012
7111
7013
7112
7014
7113
7015
7114
7016
7115
7017
7116
7018
7117
7019
7118
7020
7119
7021
7120
7022
7121
7023
7122
7024
7123
7025
7124
7026
7125
7027
7126
7028
7127
7029
7128
7030
7129
7031
7130
7032
7131
7033
7132
7034
7133
7035
7134
7036
7135
7037
7136
7038
7137
7039
7138
7040
7139
7041
7140
7042
7141
7043
7142
7044
7143
7045
7144
7046
7145
7047
7146
7048
7147
7049
7148
7050
7149
7051
7150
7052
7151
7053
7152
7054
7153
7055
7154
7056
7155
7057
7156
7058
7157
7059
7158
7060
7159
7061
7160
7062
7161
7063
7162
7064
7163
7164
7066
7165
7067
7166
7068
7167
7069
7168
7070
7169
7071
7170
7072
7171
7073
7172
7074
7173
7075
7174
7076
7175
7077
7176
7078
7177
7079
7178
7080
7179
7081
7180
7082
7181
7083
7182
7084
7183
7085
7184
7086
7185
7087
7186
7088
7187
7089
7188
7090
7189
7091
7190
7092
7191
7093
7192
7094
7193
7095
7194
7096
7195
7097
7196
7098
7197
7099
7198
7100
7199
7101
7200
7102
7201
7103
7202
7104
7203
7105
7204
7106
7205
7107
7206
7108
7207
7109
7208
7110
7209
7111
7210
7112
7211
7113
7212
7114
7213
7115
7214
7116
7215
7117
7216
7118
7217
7119
7218
7120
7219
7121
7220
7122
7221
7123
7222
7124
7223
7125
7224
7126
7225
7127
7226
7128
7227
7129
7228
7130
7229
7131
7230
7132
7231
7133
7232
7134
7233
7135
7234
7136
7235
7137
7236
7138
7237
7139
7238
7140
7239
7141
7240
7142
7241
7143
7242
7144
7243
7145
7244
7146
7245
7147
7246
7148
7247
7149
7248
7150
7249
7151
7250
7152
7251
7153
7252
7154
7253
7155
7254
7156
7255
7157
7256
7158
7257
7159
7258
7160
7259
7161
7260
7162
7261
7163
7262
7164
7263
7264
7166
7265
7167
7266
7168
7267
7169
7268
7170
7269
7171
7270
7172
7271
7173
7272
7174
7273
7175
7274
7176
7275
7177
7276
7178
7277
7179
7278
7180
7279
7181
7280
7182
7281
7183
7282
7184
7283
7185
7284
7186
7285
7187
7286
7188
7287
7189
7288
7190
7289
7191
7290
7192
7291
7193
7292
7194
7293
7195
7294
7196
7295
7197
7296
7198
7297
7199
7298
7200
7299
7201
7300
7202
7301
7203
7302
7204
7303
7205
7304
7206
7305
7207
7306
7208
7307
7209
7308
7210
7309
7211
7310
7212
7311
7213
7312
7214
7313
7215
7314
7216
7315
7217
7316
7218
7317
7219
7318
7220
7319
7221
7320
7222
7321
7223
7322
7224
7323
7225
7324
7226
7325
7227
7326
7228
7327
7229
7328
7230
7329
7231
7330
7232
7331
7233
7332
7234
7333
7235
7334
7236
7335
7237
7336
7238
7337
7239
7338
7240
7339
7241
7340
7242
7341
7243
7342
7244
7343
7245
7344
7246
7345
7247
7346
7248
7347
7249
7348
7250
7349
7251
7350
7252
7351
7253
7352
7254
7353
7255
7354
7256
7355
7257
7356
7258
7357
7259
7358
7260
7359
7261
7360
7262
7361
7263
7362
7264
7363
7364
7266
7365
7267
7366
7268
7367
7269
7368
7270
7369
7271
7370
7272
7371
7273
7372
7274
7373
7275
7374
7276
7375
7277
7376
7278
7377
7279
7378
7280
7379
7281
7380
7282
7381
7283
7382
7284
7383
7285
7384
7286
7385
7287
7386
7288
7387
7289
7388
7290
7389
7291
7390
7292
7391
7293
7392
7294
7393
7295
7394
7296
7395
7297
7396
7298
7397
7299
7398
7300
7399
7301
7400
7302
7401
7303
7402
7304
7403
7305
7404
7306
7405
7307
7406
7308
7407
7309
7408
7310
7409
7311
7410
7312
7411
7313
7412
7314
7413
7315
7414
7316
7415
7317
7416
7318
7417
7319
7418
7320
7419
7321
7420
7322
7421
7323
7422
7324
7423
7325
7424
7326
7425
7327
7426
7328
7427
7329
7428
7330
7429
7331
7430
7332
7431
7333
7432
7334
7433
7335
7434
7336
7435
7337
7436
7338
7437
7339
7438
7340
7439
7341
7440
7342
7441
7343
7442
7344
7443
7345
7444
7346
7445
7347
7446
7348
7447
7349
7448
7350
7449
7351
7450
7352
7451
7353
7452
7354
7453
7355
7454
7356
7455
7357
7456
7358
7457
7359
7458
7360
7459
7361
7460
7362
7461
7363
7462
7364
7463
7464
7366
7465
7367
7466
7368
7467
7369
7468
7370
7469
7371
7470
7372
7471
7373
7472
7374
7473
7375
7474
7376
7475
7377
7476
7378
7477
7379
7478
7380
7479
7381
7480
7382
7481
7383
7482
7384
7483
7385
7484
7386
7485
7387
7486
7388
7487
7389
7488
7390
7489
7391
7490
7392
7491
7393
7492
7394
7493
7395
7494
7396
7495
7397
7496
7398
7497
7399
7498
7400
7499
7401
7500
7402
7501
7403
7502
7404
7503
7405
7504
7406
7505
7407
7506
7408
7507
7409
7508
7410
7509
7411
7510
7412
7511
7413
7512
7414
7513
7415
7514
7416
7515
7417
7516
7418
7517
7419
7518
7420
7519
7421
7520
7422
7521
7423
7522
7424
7523
7425
7524
7426
7525
7427
7526
7428
7527
7429
7528
7430
7529
7431
7530
7432
7531
7433
7532
7434
7533
7435
7534
7436
7535
7437
7536
7438
7537
7439
7538
7440
7539
7441
7540
7442
7541
7443
7542
7444
7543
7445
7544
7446
7545
7447
7546
7448
7547
7449
7548
7450
7549
7451
7550
7452
7551
7453
7552
7454
7553
7455
7554
7456
7555
7457
7556
7458
7557
7459
7558
7460
7559
7461
7560
7462
7561
7463
7562
7464
7563
7564
7466
7565
7467
7566
7468
7567
7469
7568
7470
7569
7471
7570
7472
7571
7473
7572
7474
7573
7475
7574
7476
7575
7477
7576
7478
7577
7479
7578
7480
7579
7481
7580
7482
7581
7483
7582
7484
7583
7485
7584
7486
7585
7487
7586
7488
7587
7489
7588
7490
7589
7491
7590
7492
7591
7493
7592
7494
7593
7495
7594
7496
7595
7497
7596
7498
7597
7499
7598
7500
7599
7501
7600
7502
7601
7503
7602
7504
7603
7505
7604
7506
7605
7507
7606
7508
7607
7509
7608
7510
7609
7511
7610
7512
7611
7513
7612
7514
7613
7515
7614
7516
7615
7517
7616
7518
7617
7519
7618
7520
7619
7521
7620
7522
7621
7523
7622
7524
7623
7525
7624
7526
7625
7527
7626
7528
7627
7529
7628
7530
7629
7531
7630
7532
7631
7533
7632
7534
7633
7535
7634
7536
7635
7537
7636
7538
7637
7539
7638
7540
7639
7541
7640
7542
7641
7543
7642
7544
7643
7545
7644
7546
7645
7547
7646
7548
7647
7549
7648
7550
7649
7551
7650
7552
7651
7553
7652
7554
7653
7555
7654
7556
7655
7557
7656
7558
7657
7559
7658
7560
7659
7561
7660
7562
7661
7563
7662
7564
7663
7664
7566
7665
7567
7666
7568
7667
7569
7668
7570
7669
7571
7670
7572
7671
7573
7672
7574
7673
7575
7674
7576
7675
7577
7676
7578
7677
7579
7678
7580
7679
7581
7680
7582
7681
7583
7682
7584
7683
7585
7684
7586
7685
7587
7686
7588
7687
7589
7688
7590
7689
7591
7690
7592
7691
7593
7692
7594
7693
7595
7694
7596
7695
7597
7696
7598
7697
7599
7698
7600
7699
7601
7700
7602
7701
7603
7702
7604
7703
7605
7704
7606
7705
7607
7706
7608
7707
7609
7708
7610
7709
7611
7710
7612
7711
7613
7712
7614
7713
7615
7714
7616
7715
7617
7716
7618
7717
7619
7718
7620
7719
7621
7720
7622
7721
7623
7722
7624
7723
7625
7724
7626
7725
7627
7726
7628
7727
7629
7728
7630
7729
7631
7730
7632
7731
7633
7732
7634
7733
7635
7734
7636
7735
7637
7736
7638
7737
7639
7738
7640
7739
7641
7740
7642
7741
7643
7742
7644
7743
7645
7744
7646
7745
7647
7746
7648
7747
7649
7748
7650
7749
7651
7750
7652
7751
7653
7752
7654
7753
7655
7754
7656
7755
7657
7756
7658
7757
7659
7758
7660
7759
7661
7760
7662
7761
7663
7762
7664
7763
7764
7666
7765
7667
7766
7668
7767
7669
7768
7670
7769
7671
7770
7672
7771
7673
7772
7674
7773
7675
7774
7676
7775
7677
7776
7678
7777
7679
7778
7680
7779
7681
7780
7682
7781
7683
7782
7684
7783
7685
7784
7686
7785
7687
7786
7688
7787
7689
7788
7690
7789
7691
7790
7692
7791
7693
7792
7694
7793
7695
7794
7696
7795
7697
7796
7698
7797
7699
7798
7700
7799
7701
7800
7702
7801
7703
7802
7704
7803
7705
7804
7706
7805
7707
7806
7708
7807
7709
7808
7710
7809
7711
7810
7712
7811
7713
7812
7714
7813
7715
7814
7716
7815
7717
7816
7718
7817
7719
7818
7720
7819
7721
7820
7722
7821
7723
7822
7724
7823
7725
7824
7726
7825
7727
7826
7728
7827
7729
7828
7730
7829
7731
7830
7732
7831
7733
7832
7734
7833
7735
7834
7736
7835
7737
7836
7738
7837
7739
7838
7740
7839
7741
7840
7742
7841
7743
7842
7744
7843
7745
7844
7746
7845
7747
7846
7748
7847
7749
7848
7750
7849
7751
7850
7752
7851
7753
7852
7754
7853
7755
7854
7756
7855
7757
7856
7758
7857
7759
7858
7760
7859
7761
7860
7762
7861
7763
7862
7764
7863
7864
7766
7865
7767
7866
7768
7867
7769
7868
7770
7869
7771
7870
7772
7871
7773
7872
7774
7873
7775
7874
7776
7875
7777
7876
7778
7877
7779
7878
7780
7879
7781
7880
7782
7881
7783
7882
7784
7883
7785
7884
7786
7885
7787
7886
7788
7887
7789
7888
7790
7889
7791
7890
7792
7891
7793
7892
7794
7893
7795
7894
7796
7895
7797
7896
7798
7897
7799
7898
7800
7899
7801
7900
7802
7901
7803
7902
7804
7903
7805
7904
7806
7905
7807
7906
7808
7907
7809
7908
7810
7909
7811
7910
7812
7911
7813
7912
7814
7913
7815
7914
7816
7915
7817
7916
7818
7917
7819
7918
7820
7919
7821
7920
7822
7921
7823
7922
7824
7923
7825
7924
7826
7925
7827
7926
7828
7927
7829
7928
7830
7929
7831
7930
7832
7931
7833
7932
7834
7933
7835
7934
7836
7935
7837
7936
7838
7937
7839
7938
7840
7939
7841
7940
7842
7941
7843
7942
7844
7943
7845
7944
7846
7945
7847
7946
7848
7947
7849
7948
7850
7949
7851
7950
7852
7951
7853
7952
7854
7953
7855
7954
7856
7955
7857
7956
7858
7957
7859
7958
7860
7959
7861
7960
7862
7961
7863
7962
7864
7963
7964
7866
7965
7867
7966
7868
7967
7869
7968
7870
7969
7871
7970
7872
7971
7873
7972
7874
7973
7875
7974
7876
7975
7877
7976
7878
7977
7879
7978
7880
7979
7881
7980
7882
7981
7883
7982
7884
7983
7885
7984
7886
7985
7887
7986
7888
7987
7889
7988
7890
7989
7891
7990
7892
7991
7893
7992
7894
7993
7895
7994
7896
7995
7897
7996
7898
7997
7899
7998
7900
7999
7901
8000
7902
8001
7903
8002
7904
8003
7905
8004
7906
8005
7907
8006
7908
8007
7909
8008
7910
8009
7911
8010
7912
8011
7913
8012
7914
8013
7915
8014
7916
8015
7917
8016
7918
8017
7919
8018
7920
8019
7921
8020
7922
8021
7923
8022
7924
8023
7925
8024
7926
8025
7927
8026
7928
8027
7929
8028
7930
8029
7931
8030
7932
8031
7933
8032
7934
8033
7935
8034
7936
8035
7937
8036
7938
8037
7939
8038
7940
8039
7941
8040
7942
8041
7943
8042
7944
8043
7945
8044
7946
8045
7947
8046
7948
8047
7949
8048
7950
8049
7951
8050
7952
8051
7953
8052
7954
8053
7955
8054
7956
8055
7957
8056
7958
8057
7959
8058
7960
8059
7961
8060
7962
8061
7963
8062
7964
8063
8064
7966
8065
7967
8066
7968
8067
7969
8068
7970
8069
7971
8070
7972
8071
7973
8072
7974
8073
7975
8074
7976
8075
7977
8076
7978
8077
7979
8078
7980
8079
7981
8080
7982
8081
7983
8082
7984
8083
7985
8084
7986
8085
7987
8086
7988
8087
7989
8088
7990
8089
7991
8090
7992
8091
7993
8092
7994
8093
7995
8094
7996
8095
7997
8096
7998
8097
7999
8098
8000
8099
8001
8100
8002
8101
8003
8102
8004
8103
8005
8104
8006
8105
8007
8106
8008
8107
8009
8108
8010
8109
8011
8110
8012
8111
8013
8112
8014
8113
8015
8114
8016
8115
8017
8116
8018
8117
8019
8118
8020
8119
8021
8120
8022
8121
8023
8122
8024
8123
8025
8124
8026
8125
8027
8126
8028
8127
8029
8128
8030
8129
8031
8130
8032
8131
8033
8132
8034
8133
8035
8134
8036
8135
8037
8136
8038
8137
8039
8138
8040
8041
8139
8042
8140
8043
8141
8044
8142
8045
8143
8046
8144
8047
8145
8048
8146
8049
8147
8050
8148
8051
8149
8052
8150
8053
8151
8054
8152
8055
8153
8056
8154
8057
8155
8058
8156
8059
8157
8060
8158
8061
8159
8062
8160
8063
8161
8064
8162
8163
8066
8164
8067
8165
8068
8166
8069
8167
8070
8168
8071
8169
8072
8170
8073
8171
8074
8172
8075
8173
8076
8174
8077
8175
8078
8176
8079
8177
8080
8178
8081
8179
8082
8180
8083
8181
8084
8182
8085
8183
8086
8184
8087
8185
8088
8186
8089
8187
8090
8188
8091
8189
8092
8190
8093
8191
8094
8192
8095
8193
8096
8194
8097
8195
8098
8196
8099
8197
8100
8198
8101
8199
8102
8200
8103
8201
8104
8202
8105
8203
8106
8204
8107
8205
8108
8206
8109
8207
8110
8208
8111
8209
8112
8210
8113
8211
8114
8212
8115
8213
8116
8214
8117
8215
8118
8216
8119
8217
8120
8218
8121
8219
8122
8220
8123
8221
8124
8222
8125
8223
8126
8224
8127
8225
8128
8226
8129
8227
8130
8228
8131
8229
8132
8230
8133
8231
8134
8232
8135
8233
8136
8234
8137
8235
8138
8236
8140
8141
8237
8142
8238
8143
8239
8144
8240
8145
8241
8146
8242
8147
8243
8148
8244
8149
8245
8150
8246
8151
8247
8152
8248
8153
8249
8154
8250
8155
8251
8156
8252
8157
8253
8158
8254
8159
8255
8160
8256
8161
8257
8162
8258
8163
8259
8260
8165
8261
8166
8262
8167
8263
8168
8264
8169
8265
8170
8266
8171
8267
8172
8268
8173
8269
8174
8270
8175
8271
8176
8272
8177
8273
8178
8274
8179
8275
8180
8276
8181
8277
8182
8278
8183
8279
8184
8280
8185
8281
8186
8282
8187
8283
8188
8284
8189
8285
8190
8286
8191
8287
8192
8288
8193
8289
8194
8290
8195
8291
8196
8292
8197
8293
8198
8294
8199
8295
8200
8296
8201
8297
8202
8298
8203
8299
8204
8300
8205
8301
8206
8302
8207
8303
8208
8304
8209
8305
8210
8306
8211
8307
8212
8308
8213
8309
8214
8310
8215
8311
8216
8312
8217
8313
8218
8314
8219
8315
8220
8316
8221
8317
8222
8318
8223
8319
8224
8320
8225
8321
8226
8322
8227
8323
8228
8324
8229
8325
8230
8326
8231
8327
8232
8328
8233
8329
8234
8330
8235
8331
8236
8332
8333
8238
8334
8239
8335
8240
8336
8241
8337
8242
8338
8243
8339
8244
8340
8245
8341
8246
8342
8247
8343
8248
8344
8249
8345
8250
8346
8251
8347
8252
8348
8253
8349
8254
8350
8255
8351
8256
8352
8257
8353
8258
8354
8259
8355
8260
8356
8357
8262
8358
8263
8359
8264
8360
8265
8361
8266
8362
8267
8363
8268
8364
8269
8365
8270
8366
8271
8367
8272
8368
8273
8369
8274
8370
8275
8371
8276
8372
8277
8373
8278
8374
8279
8375
8280
8376
8281
8377
8282
8378
8283
8379
8284
8380
8285
8381
8286
8382
8287
8383
8288
8384
8289
8385
8290
8386
8291
8387
8292
8388
8293
8389
8294
8390
8295
8391
8296
8392
8297
8393
8298
8299
8300
8394
8301
8395
8302
8396
8303
8397
8304
8398
8305
8399
8306
8400
8307
8401
8308
8402
8309
8403
8310
8404
8311
8405
8312
8406
8313
8407
8314
8408
8315
8409
8316
8410
8317
8411
8318
8412
8319
8413
8320
8414
8321
8415
8322
8416
8323
8417
8324
8418
8325
8419
8326
8420
8327
8421
8328
8422
8329
8423
8330
8424
8331
8425
8332
8426
8333
8427
8428
8335
8336
8429
8337
8430
8338
8431
8339
8432
8340
8433
8341
8434
8342
8435
8343
8436
8344
8437
8345
8438
8346
8439
8347
8440
8348
8441
8349
8442
8350
8443
8351
8444
8352
8445
8353
8446
8354
8447
8355
8448
8356
8449
8357
8450
8451
8359
8452
8360
8453
8361
8454
8362
8455
8363
8456
8364
8457
8365
8458
8366
8459
8367
8460
8368
8461
8369
8462
8370
8463
8371
8464
8372
8465
8373
8466
8374
8467
8375
8468
8376
8469
8377
8470
8378
8471
8379
8472
8380
8473
8381
8474
8382
8475
8383
8476
8384
8477
8385
8478
8386
8479
8387
8480
8388
8481
8389
8482
8390
8483
8391
8484
8392
8485
8393
8486
8395
8487
8396
8488
8397
8489
8398
8490
8399
8491
8400
8492
8401
8493
8402
8494
8403
8495
8404
8496
8405
8497
8406
8498
8407
8499
8408
8500
8409
8501
8410
8502
8411
8503
8412
8504
8413
8505
8414
8506
8415
8507
8416
8508
8417
8509
8418
8510
8419
8511
8420
8512
8421
8513
8422
8514
8423
8515
8424
8516
8425
8517
8426
8518
8427
8519
8428
8520
8430
8521
8431
8522
8432
8523
8433
8524
8434
8525
8435
8526
8436
8527
8437
8528
8438
8529
8439
8530
8440
8531
8441
8532
8442
8533
8443
8534
8444
8535
8445
8536
8446
8537
8447
8538
8448
8539
8449
8540
8450
8541
8451
8542
8543
8453
8544
8454
8545
8455
8546
8456
8547
8457
8548
8458
8549
8459
8550
8460
8551
8461
8552
8462
8553
8463
8554
8464
8555
8465
8556
8466
8557
8467
8558
8468
8559
8469
8560
8470
8561
8471
8562
8472
8563
8473
8564
8474
8565
8475
8566
8476
8567
8477
8568
8478
8569
8479
8570
8480
8571
8481
8572
8482
8573
8483
8574
8484
8575
8485
8576
8486
8577
8578
8488
8579
8489
8580
8490
8581
8491
8582
8492
8583
8493
8584
8494
8585
8495
8586
8496
8587
8497
8588
8498
8589
8499
8590
8500
8591
8501
8592
8502
8593
8503
8594
8504
8595
8505
8596
8506
8597
8507
8598
8508
8599
8509
8600
8510
8601
8511
8602
8512
8603
8513
8604
8514
8605
8515
8606
8516
8607
8517
8608
8518
8609
8519
8610
8520
8611
8612
8522
8613
8523
8614
8524
8615
8525
8616
8526
8617
8527
8618
8528
8619
8529
8620
8530
8621
8531
8622
8532
8623
8533
8624
8534
8625
8535
8626
8536
8627
8537
8628
8538
8629
8539
8630
8540
8631
8541
8632
8542
8633
8543
8634
8635
8545
8636
8546
8637
8547
8638
8548
8639
8549
8640
8550
8641
8551
8642
8552
8643
8553
8644
8554
8645
8555
8646
8556
8647
8557
8648
8558
8649
8559
8650
8560
8651
8561
8652
8562
8653
8563
8654
8564
8655
8565
8656
8566
8657
8567
8658
8568
8659
8569
8660
8570
8661
8571
8662
8572
8663
8573
8664
8574
8665
8575
8666
8576
8667
8577
8668
8578
8669
8670
8580
8581
8671
8582
8672
8583
8673
8584
8674
8585
8675
8586
8676
8587
8677
8588
8678
8589
8679
8590
8680
8591
8681
8592
8682
8593
8683
8594
8684
8595
8685
8596
8686
8597
8687
8598
8688
8599
8689
8600
8690
8601
8691
8602
8692
8603
8693
8604
8694
8605
8695
8606
8696
8607
8697
8608
8698
8609
8699
8610
8700
8611
8701
8612
8702
8703
8614
8704
8615
8705
8616
8706
8617
8707
8618
8708
8619
8709
8620
8710
8621
8711
8622
8712
8623
8713
8624
8714
8625
8715
8626
8716
8627
8717
8628
8718
8629
8719
8630
8720
8631
8721
8632
8722
8633
8723
8634
8724
8635
8725
8726
8637
8727
8638
8728
8639
8729
8640
8730
8641
8731
8642
8732
8643
8733
8644
8734
8645
8735
8646
8736
8647
8737
8648
8738
8649
8739
8650
8740
8651
8741
8652
8742
8653
8743
8654
8744
8655
8745
8656
8746
8657
8747
8658
8748
8659
8749
8660
8750
8661
8751
8662
8752
8663
8753
8664
8754
8665
8755
8666
8756
8667
8757
8668
8758
8669
8759
8670
8760
8761
8672
8762
8673
8763
8674
8764
8675
8765
8676
8766
8677
8767
8678
8768
8679
8769
8680
8770
8681
8771
8682
8772
8683
8773
8684
8774
8685
8775
8686
8776
8687
8777
8688
8778
8689
8779
8690
8780
8691
8781
8692
8782
8693
8783
8694
8784
8695
8785
8696
8786
8697
8787
8698
8788
8699
8789
8700
8790
8701
8791
8702
8792
8703
8793
8794
8705
8795
8706
8796
8707
8797
8708
8798
8709
8799
8710
8800
8711
8801
8712
8802
8713
8803
8714
8804
8715
8805
8716
8806
8717
8807
8718
8808
8719
8809
8720
8810
8721
8811
8722
8812
8723
8813
8724
8814
8725
8815
8726
8816
8817
8728
8818
8729
8819
8730
8820
8731
8821
8732
8822
8733
8823
8734
8824
8735
8825
8736
8826
8737
8827
8738
8828
8739
8829
8740
8830
8741
8831
8742
8832
8743
8833
8744
8834
8745
8835
8746
8836
8747
8837
8748
8838
8749
8839
8750
8840
8751
8841
8752
8842
8753
8843
8754
8844
8755
8845
8756
8846
8757
8847
8758
8848
8759
8849
8760
8850
8761
8851
8852
8763
8853
8764
8854
8765
8855
8766
8856
8767
8857
8768
8858
8769
8859
8770
8860
8771
8861
8772
8862
8773
8863
8774
8864
8775
8865
8776
8866
8777
8867
8778
8868
8779
8869
8780
8870
8781
8871
8782
8872
8783
8873
8784
8874
8785
8875
8786
8876
8787
8877
8788
8878
8789
8879
8790
8880
8791
8881
8792
8882
8793
8883
8794
8884
8885
8796
8886
8797
8887
8798
8888
8799
8889
8800
8890
8801
8891
8802
8892
8803
8893
8804
8894
8805
8895
8806
8896
8807
8897
8808
8898
8809
8899
8810
8900
8811
8901
8812
8902
8813
8903
8814
8904
8815
8905
8816
8906
8817
8907
8908
8819
8909
8820
8910
8821
8911
8822
8912
8823
8913
8824
8914
8825
8915
8826
8916
8827
8917
8828
8918
8829
8919
8830
8920
8831
8921
8832
8922
8833
8923
8834
8924
8835
8925
8836
8926
8837
8927
8838
8928
8839
8929
8840
8930
8841
8931
8842
8932
8843
8933
8844
8934
8845
8935
8846
8936
8847
8937
8848
8938
8849
8939
8850
8940
8851
8941
8852
8942
8943
8854
8944
8855
8945
8856
8946
8857
8947
8858
8948
8859
8949
8860
8950
8861
8951
8862
8952
8863
8953
8864
8954
8865
8955
8866
8956
8867
8957
8868
8958
8869
8959
8870
8960
8871
8961
8872
8962
8873
8963
8874
8964
8875
8965
8876
8966
8877
8967
8878
8968
8879
8969
8880
8970
8881
8971
8882
8972
8883
8973
8884
8974
8885
8975
8976
8887
8888
8977
8889
8978
8890
8979
8891
8980
8892
8981
8893
8982
8894
8983
8895
8984
8896
8985
8897
8986
8898
8987
8899
8988
8900
8989
8901
8990
8902
8991
8903
8992
8904
8993
8905
8994
8906
8995
8907
8996
8908
8997
8998
8910
8999
8911
9000
8912
9001
8913
9002
8914
9003
8915
9004
8916
9005
8917
9006
8918
9007
8919
9008
8920
9009
8921
9010
8922
9011
8923
9012
8924
9013
8925
9014
8926
9015
8927
9016
8928
9017
8929
9018
8930
9019
8931
9020
8932
9021
8933
9022
8934
9023
8935
9024
8936
9025
8937
9026
8938
9027
8939
9028
8940
9029
8941
9030
8942
9031
8943
9032
9033
8945
9034
8946
9035
8947
9036
8948
9037
8949
9038
8950
9039
8951
9040
8952
9041
8953
9042
8954
9043
8955
9044
8956
9045
8957
9046
8958
9047
8959
9048
8960
9049
8961
9050
8962
9051
8963
9052
8964
9053
8965
9054
8966
9055
8967
9056
8968
9057
8969
9058
8970
9059
8971
9060
8972
9061
8973
9062
8974
9063
8975
9064
8976
9065
9066
8978
9067
8979
9068
8980
9069
8981
9070
8982
9071
8983
9072
8984
9073
8985
9074
8986
9075
8987
9076
8988
9077
8989
9078
8990
9079
8991
9080
8992
9081
8993
9082
8994
9083
8995
9084
8996
9085
8997
9086
8998
9087
9088
9000
9001
9002
9003
9004
9005
9006
9007
9008
9009
9010
9011
9012
9013
9014
9015
9016
9017
9018
9019
9020
9021
9022
9023
9024
9025
9026
9027
9028
9029
9030
9031
9032
9033
9035
9036
9037
9038
9039
9040
9041
9042
9043
9044
9045
9046
9047
9048
9049
9050
9051
9052
9053
9054
9055
9056
9057
9058
9059
9060
9061
9062
9063
9064
9065
9066
9068
9069
9070
9071
9072
9073
9074
9075
9076
9077
9078
9079
9080
9081
9082
9083
9084
9085
9086
9087
9088
)


// ************************************************************************* //
