/*--------------------------------*- C++ -*----------------------------------*\
| =========                 |                                                 |
| \\      /  F ield         | OpenFOAM: The Open Source CFD Toolbox           |
|  \\    /   O peration     | Version:  4.x                                   |
|   \\  /    A nd           | Web:      www.OpenFOAM.org                      |
|    \\/     M anipulation  |                                                 |
\*---------------------------------------------------------------------------*/
FoamFile
{
    version     2.0;
    format      ascii;
    class       volScalarField;
    location    "1262";
    object      p;
}
// * * * * * * * * * * * * * * * * * * * * * * * * * * * * * * * * * * * * * //

dimensions      [0 2 -2 0 0 0 0];

internalField   nonuniform List<scalar> 
9089
(
5.65128
5.65125
5.65113
5.65094
5.65069
5.65036
5.64995
5.64946
5.64889
5.64822
5.64746
5.64659
5.64561
5.64451
5.64328
5.64191
5.6404
5.63873
5.63691
5.63491
5.63274
5.63039
5.62786
5.62516
5.62228
5.61924
5.61606
5.61274
5.60934
5.60586
5.60237
5.59891
5.59554
5.59231
5.5893
5.58658
5.58421
5.58229
5.58089
5.58009
5.57996
5.58048
5.58196
5.58433
5.58768
5.59212
5.59772
5.60459
5.61285
5.62266
5.63418
5.64764
5.66332
5.68158
5.7029
5.72786
5.75731
5.79222
5.83411
5.88428
5.9453
6.01479
6.09347
6.14055
3.71875
3.74163
3.77254
3.81439
3.85639
3.89071
3.93202
3.94376
-0.457022
-0.453739
-0.428654
-0.381773
-0.292135
-0.219284
-0.0740617
-0.0710243
0.155064
5.65129
5.65126
5.65114
5.65095
5.65069
5.65036
5.64995
5.64947
5.64889
5.64823
5.64746
5.6466
5.64562
5.64452
5.64329
5.64192
5.64041
5.63875
5.63692
5.63492
5.63275
5.6304
5.62788
5.62517
5.62229
5.61925
5.61606
5.61275
5.60934
5.60586
5.60236
5.5989
5.59553
5.59229
5.58928
5.58655
5.58418
5.58225
5.58085
5.58004
5.57989
5.58041
5.58189
5.58425
5.5876
5.59202
5.59761
5.60447
5.61272
5.6225
5.63399
5.64741
5.66304
5.68122
5.70242
5.72721
5.75637
5.79083
5.83196
5.88089
5.93988
6.0068
6.0856
6.12657
3.71484
3.73913
3.7712
3.81396
3.85673
3.89206
3.93376
3.94601
-0.461495
-0.456845
-0.431027
-0.382806
-0.293916
-0.219214
-0.0771279
-0.0690635
0.148644
5.6513
5.65127
5.65115
5.65096
5.6507
5.65037
5.64997
5.64948
5.64891
5.64824
5.64748
5.64661
5.64563
5.64453
5.64331
5.64194
5.64043
5.63877
5.63694
5.63495
5.63278
5.63043
5.6279
5.62519
5.62231
5.61927
5.61608
5.61276
5.60934
5.60586
5.60236
5.59889
5.5955
5.59226
5.58924
5.5865
5.58412
5.58218
5.58077
5.57995
5.57976
5.5803
5.58176
5.58411
5.58744
5.59185
5.59742
5.60426
5.61248
5.62222
5.63366
5.64701
5.66255
5.6806
5.70161
5.72611
5.75484
5.78862
5.82863
5.87573
5.9317
5.99393
6.06934
6.12096
6.16339
3.70796
3.73534
3.76906
3.81335
3.8574
3.89383
3.93664
3.94929
-0.470197
-0.461865
-0.434514
-0.384696
-0.296059
-0.220282
-0.0798184
-0.070231
0.145173
5.65131
5.65128
5.65116
5.65097
5.65072
5.65039
5.64998
5.6495
5.64892
5.64826
5.6475
5.64664
5.64566
5.64456
5.64333
5.64197
5.64046
5.6388
5.63697
5.63498
5.63281
5.63046
5.62793
5.62522
5.62234
5.6193
5.6161
5.61278
5.60935
5.60586
5.60235
5.59887
5.59547
5.59221
5.58917
5.58642
5.58402
5.58207
5.58064
5.57981
5.57959
5.58013
5.58157
5.58389
5.58721
5.59159
5.59713
5.60393
5.61211
5.6218
5.63317
5.64643
5.66183
5.6797
5.70044
5.72457
5.75274
5.78566
5.82434
5.86933
5.92189
5.97877
6.04343
6.08675
6.04498
3.69795
3.73017
3.76622
3.81254
3.85824
3.89605
3.94045
3.95322
-0.483762
-0.468199
-0.438807
-0.387078
-0.298597
-0.221869
-0.0831057
-0.0723841
0.141074
5.65133
5.6513
5.65118
5.65099
5.65074
5.65041
5.65001
5.64952
5.64895
5.64829
5.64753
5.64667
5.64569
5.6446
5.64337
5.64201
5.64051
5.63884
5.63702
5.63503
5.63286
5.63051
5.62798
5.62527
5.62238
5.61933
5.61613
5.6128
5.60936
5.60586
5.60233
5.59884
5.59542
5.59215
5.58909
5.58631
5.5839
5.58193
5.58047
5.57961
5.57936
5.57989
5.58131
5.58361
5.58689
5.59125
5.59675
5.60351
5.61163
5.62124
5.63252
5.64565
5.66089
5.67853
5.69897
5.72265
5.75017
5.78216
5.81942
5.86234
5.9117
5.96472
6.0204
6.06616
6.00846
3.68571
3.72382
3.76286
3.81154
3.85911
3.89846
3.94441
3.95664
-0.4993
-0.474651
-0.44335
-0.389403
-0.301102
-0.223518
-0.0870698
-0.0746324
0.135389
5.65135
5.65133
5.6512
5.65102
5.65077
5.65044
5.65003
5.64955
5.64898
5.64832
5.64757
5.64671
5.64573
5.64464
5.64342
5.64206
5.64056
5.6389
5.63708
5.63509
5.63292
5.63057
5.62804
5.62532
5.62244
5.61938
5.61617
5.61283
5.60938
5.60586
5.60231
5.5988
5.59536
5.59207
5.58898
5.58618
5.58374
5.58174
5.58026
5.57936
5.57908
5.5796
5.58098
5.58325
5.5865
5.59082
5.59627
5.60297
5.61102
5.62055
5.63172
5.64471
5.65975
5.67713
5.69721
5.72039
5.74722
5.77823
5.81409
5.85507
5.9015
5.95131
5.99882
6.04009
5.97978
3.67168
3.7165
3.75916
3.81032
3.85979
3.90076
3.94782
3.95802
-0.524441
-0.497523
-0.481931
-0.447289
-0.391278
-0.303276
-0.224999
-0.0914324
-0.0767029
0.128187
5.65138
5.65135
5.65123
5.65105
5.6508
5.65047
5.65007
5.64959
5.64902
5.64836
5.64761
5.64675
5.64578
5.64469
5.64348
5.64212
5.64062
5.63897
5.63715
5.63516
5.63299
5.63064
5.62811
5.62539
5.6225
5.61943
5.61621
5.61286
5.6094
5.60586
5.60229
5.59875
5.59529
5.59197
5.58885
5.58602
5.58355
5.58152
5.58
5.57907
5.57875
5.57925
5.58059
5.58282
5.58603
5.5903
5.59571
5.60234
5.61031
5.61974
5.63077
5.64359
5.65841
5.6755
5.69518
5.71783
5.74393
5.77393
5.80839
5.84748
5.89111
5.93758
5.97771
6.0098
5.94035
3.65586
3.70851
3.75529
3.8088
3.8599
3.90234
3.94933
3.9551
-0.583775
-0.507224
-0.490338
-0.450468
-0.392824
-0.305133
-0.226226
-0.0959787
-0.0783659
0.119498
5.65142
5.65139
5.65127
5.65108
5.65083
5.65051
5.65011
5.64963
5.64907
5.64841
5.64766
5.64681
5.64584
5.64476
5.64354
5.64219
5.6407
5.63904
5.63723
5.63524
5.63307
5.63073
5.62819
5.62547
5.62257
5.6195
5.61627
5.6129
5.60942
5.60586
5.60227
5.5987
5.59521
5.59185
5.58871
5.58584
5.58333
5.58126
5.5797
5.57872
5.57837
5.57883
5.58013
5.58232
5.58549
5.5897
5.59504
5.6016
5.60948
5.61879
5.62968
5.64231
5.65688
5.67365
5.6929
5.71498
5.74029
5.76924
5.80225
5.83939
5.88016
5.92284
5.95604
5.9766
5.89009
3.63948
3.70032
3.75137
3.80681
3.85883
3.9024
3.94778
3.94323
-0.607822
-0.517805
-0.49749
-0.453477
-0.394335
-0.306778
-0.227145
-0.100533
-0.0794064
0.109267
5.65145
5.65143
5.65131
5.65112
5.65087
5.65055
5.65015
5.64968
5.64912
5.64847
5.64772
5.64687
5.64591
5.64483
5.64362
5.64227
5.64078
5.63913
5.63732
5.63533
5.63317
5.63082
5.62828
5.62556
5.62265
5.61957
5.61633
5.61294
5.60944
5.60586
5.60224
5.59864
5.59512
5.59172
5.58854
5.58563
5.58307
5.58096
5.57935
5.57833
5.57794
5.57836
5.57961
5.58176
5.58487
5.58902
5.59429
5.60076
5.60854
5.61772
5.62845
5.64087
5.65517
5.67159
5.69037
5.71183
5.73631
5.76413
5.79558
5.83059
5.86823
5.90648
5.9327
5.94032
5.8297
3.62538
3.69216
3.74745
3.80406
3.85557
3.89931
3.94186
3.91353
-0.629531
-0.531531
-0.504392
-0.456806
-0.395762
-0.308078
-0.227514
-0.10493
-0.0796224
0.0974373
5.6515
5.65147
5.65135
5.65117
5.65092
5.6506
5.65021
5.64973
5.64918
5.64853
5.64779
5.64694
5.64599
5.64491
5.64371
5.64236
5.64088
5.63923
5.63742
5.63544
5.63328
5.63093
5.62839
5.62566
5.62275
5.61966
5.6164
5.613
5.60947
5.60587
5.60222
5.59858
5.59501
5.59158
5.58834
5.58539
5.58279
5.58062
5.57896
5.57789
5.57745
5.57783
5.57903
5.58112
5.58417
5.58825
5.59344
5.59982
5.60748
5.61653
5.62707
5.63927
5.65328
5.66931
5.6876
5.70839
5.73197
5.75857
5.78831
5.82093
5.85503
5.88807
5.90679
5.90305
5.7584
3.61706
3.6842
3.74384
3.79996
3.84883
3.89103
3.93162
3.86639
-0.654649
-0.546404
-0.510738
-0.459864
-0.396526
-0.30865
-0.226855
-0.108928
-0.0788513
0.0840602
5.65154
5.65152
5.6514
5.65122
5.65097
5.65065
5.65026
5.64979
5.64924
5.6486
5.64786
5.64702
5.64607
5.645
5.6438
5.64247
5.64098
5.63934
5.63754
5.63556
5.6334
5.63105
5.62851
5.62578
5.62286
5.61975
5.61648
5.61305
5.60951
5.60587
5.60218
5.59851
5.5949
5.59142
5.58813
5.58512
5.58247
5.58025
5.57853
5.5774
5.57692
5.57724
5.57838
5.58041
5.58339
5.5874
5.59251
5.59879
5.60632
5.61521
5.62556
5.63751
5.65121
5.66683
5.68458
5.70465
5.72726
5.75254
5.78042
5.8104
5.84059
5.86775
5.87812
5.86802
5.67648
3.45893
3.60458
3.67951
3.74042
3.79324
3.83743
3.8767
3.91085
3.87975
3.67032
-0.680637
-0.560265
-0.516161
-0.461756
-0.395824
-0.307937
-0.224654
-0.112173
-0.0769985
0.0692281
5.6516
5.65157
5.65145
5.65127
5.65103
5.65071
5.65033
5.64986
5.64931
5.64867
5.64794
5.64711
5.64616
5.6451
5.64391
5.64258
5.6411
5.63947
5.63767
5.63569
5.63353
5.63119
5.62864
5.6259
5.62297
5.61986
5.61657
5.61312
5.60955
5.60588
5.60215
5.59843
5.59477
5.59124
5.5879
5.58483
5.58212
5.57983
5.57806
5.57686
5.57633
5.57659
5.57767
5.57963
5.58254
5.58647
5.59149
5.59765
5.60506
5.61378
5.62392
5.63561
5.64897
5.66415
5.68132
5.70063
5.72221
5.74607
5.77197
5.79913
5.82526
5.84646
5.8485
5.82773
5.70902
5.53374
3.47669
3.61429
3.67751
3.73461
3.78193
3.82024
3.85632
3.8737
3.8842
3.37133
-0.69906
-0.5717
-0.519717
-0.461451
-0.392897
-0.305251
-0.220581
-0.114224
-0.0739895
0.0531193
5.65165
5.65162
5.65151
5.65133
5.65109
5.65078
5.65039
5.64993
5.64939
5.64875
5.64803
5.6472
5.64626
5.6452
5.64402
5.6427
5.64123
5.6396
5.63781
5.63584
5.63368
5.63133
5.62879
5.62604
5.6231
5.61997
5.61666
5.61319
5.60959
5.60588
5.60212
5.59835
5.59464
5.59105
5.58764
5.58451
5.58173
5.57938
5.57754
5.57627
5.57568
5.57588
5.57689
5.57878
5.58161
5.58546
5.59037
5.59642
5.60368
5.61223
5.62215
5.63356
5.64656
5.66127
5.67783
5.69633
5.71683
5.7392
5.76305
5.78732
5.80943
5.82491
5.82047
5.78013
5.66291
5.28496
3.47502
3.60237
3.66902
3.72297
3.76387
3.79601
3.82841
3.83099
3.82694
3.23528
-0.946084
-0.706237
-0.578614
-0.519821
-0.458002
-0.387136
-0.300018
-0.21449
-0.114803
-0.0697803
0.0360314
5.65171
5.65169
5.65157
5.6514
5.65116
5.65085
5.65047
5.65001
5.64947
5.64884
5.64812
5.6473
5.64637
5.64532
5.64414
5.64283
5.64137
5.63975
5.63796
5.63599
5.63384
5.63149
5.62894
5.6262
5.62325
5.6201
5.61677
5.61327
5.60964
5.60589
5.60208
5.59826
5.59449
5.59084
5.58737
5.58417
5.58132
5.57889
5.57697
5.57564
5.57498
5.57511
5.57604
5.57786
5.58061
5.58437
5.58917
5.5951
5.6022
5.61056
5.62025
5.63136
5.64398
5.65821
5.67413
5.69179
5.71116
5.732
5.75375
5.77513
5.79332
5.80327
5.79315
5.74028
5.61752
5.20677
3.48015
3.58452
3.65571
3.70403
3.73719
3.76313
3.79031
3.77853
3.74654
3.09536
-0.957602
-0.692775
-0.581004
-0.516815
-0.451449
-0.378307
-0.291991
-0.20623
-0.113835
-0.0643852
0.0183406
5.65178
5.65175
5.65164
5.65146
5.65123
5.65092
5.65055
5.65009
5.64956
5.64894
5.64822
5.64741
5.64649
5.64545
5.64428
5.64297
5.64152
5.6399
5.63812
5.63616
5.63401
5.63167
5.62912
5.62636
5.6234
5.62024
5.61689
5.61336
5.60969
5.6059
5.60204
5.59817
5.59433
5.59061
5.58707
5.5838
5.58087
5.57836
5.57637
5.57496
5.57423
5.57428
5.57514
5.57687
5.57954
5.58319
5.58789
5.59368
5.60063
5.60879
5.61823
5.62903
5.64126
5.65498
5.67023
5.68702
5.70523
5.72451
5.74416
5.76266
5.77703
5.7816
5.76543
5.70377
5.5799
5.1427
3.2351
3.44399
3.57135
3.63785
3.67632
3.70004
3.71999
3.74055
3.71491
3.65017
3.11362
2.38404
-0.968732
-0.706693
-0.584768
-0.511803
-0.442021
-0.366395
-0.281022
-0.195919
-0.111305
-0.0578764
0.000523924
5.65185
5.65182
5.65171
5.65154
5.6513
5.651
5.65063
5.65018
5.64965
5.64904
5.64833
5.64753
5.64661
5.64558
5.64442
5.64312
5.64168
5.64007
5.6383
5.63634
5.6342
5.63185
5.6293
5.62654
5.62357
5.62039
5.61702
5.61346
5.60975
5.60592
5.60201
5.59807
5.59417
5.59037
5.58676
5.5834
5.58039
5.5778
5.57572
5.57423
5.57343
5.57339
5.57417
5.57582
5.57839
5.58194
5.58652
5.59217
5.59895
5.6069
5.61609
5.62657
5.63838
5.65158
5.66615
5.68205
5.69908
5.71679
5.73435
5.75002
5.76069
5.76014
5.73804
5.66836
5.53482
5.19463
5.01787
3.35513
3.46071
3.56399
3.61233
3.63758
3.65079
3.6654
3.67866
3.64244
3.5408
3.13169
1.86807
-1.46052
-1.00097
-0.717412
-0.585387
-0.503548
-0.429058
-0.351088
-0.267109
-0.183835
-0.107216
-0.050395
-0.0166953
5.65192
5.65189
5.65178
5.65162
5.65139
5.65109
5.65072
5.65028
5.64976
5.64915
5.64845
5.64765
5.64675
5.64572
5.64457
5.64328
5.64185
5.64025
5.63849
5.63654
5.6344
5.63205
5.6295
5.62673
5.62375
5.62055
5.61715
5.61357
5.60982
5.60594
5.60197
5.59797
5.59399
5.59012
5.58642
5.58297
5.57987
5.57719
5.57503
5.57345
5.57257
5.57244
5.57313
5.57469
5.57717
5.58061
5.58507
5.59057
5.59717
5.60492
5.61384
5.62398
5.63537
5.64802
5.6619
5.67689
5.69274
5.70889
5.72439
5.73731
5.74444
5.73914
5.71169
5.63549
5.48465
5.17
4.74716
3.31348
3.32985
3.45667
3.54426
3.57586
3.58594
3.58876
3.59855
3.60467
3.56052
3.43186
3.02314
1.87696
0.662462
-1.74804
-1.45667
-0.953024
-0.709746
-0.579209
-0.490232
-0.411677
-0.332191
-0.250474
-0.170251
-0.101714
-0.0420375
-0.0320612
5.652
5.65197
5.65186
5.6517
5.65147
5.65118
5.65081
5.65038
5.64986
5.64926
5.64857
5.64778
5.64689
5.64587
5.64473
5.64346
5.64203
5.64045
5.63869
5.63675
5.63461
5.63227
5.62971
5.62694
5.62394
5.62073
5.6173
5.61368
5.60989
5.60596
5.60193
5.59786
5.59381
5.58985
5.58606
5.58252
5.57932
5.57655
5.57429
5.57262
5.57165
5.57144
5.57203
5.5735
5.57587
5.5792
5.58353
5.58889
5.59531
5.60283
5.61147
5.62127
5.63223
5.64433
5.65751
5.67159
5.68625
5.70086
5.71435
5.72463
5.72844
5.71883
5.68672
5.60482
5.4515
5.15104
4.76452
4.51085
3.51736
3.34546
3.46628
3.51821
3.5285
3.52094
3.51419
3.51941
3.51959
3.47081
3.32378
2.90735
1.95868
0.503536
-0.420693
-1.50005
-1.65418
-1.39034
-0.928703
-0.702195
-0.567432
-0.471646
-0.389838
-0.310101
-0.231378
-0.154438
-0.0954136
-0.0329661
-0.045463
5.65208
5.65206
5.65195
5.65179
5.65156
5.65127
5.65091
5.65048
5.64998
5.64938
5.6487
5.64792
5.64704
5.64603
5.64491
5.64364
5.64222
5.64065
5.6389
5.63697
5.63483
5.6325
5.62994
5.62716
5.62415
5.62092
5.61747
5.61381
5.60997
5.60599
5.6019
5.59775
5.59361
5.58957
5.58568
5.58204
5.57874
5.57587
5.57351
5.57174
5.57068
5.57037
5.57087
5.57224
5.57451
5.57772
5.58191
5.58711
5.59335
5.60064
5.60901
5.61846
5.62898
5.64052
5.65298
5.66615
5.67965
5.69275
5.7043
5.71209
5.71283
5.69944
5.6636
5.57808
5.43083
5.13025
4.77586
4.43621
4.23109
3.82631
3.55372
3.53821
3.36164
3.47066
3.48559
3.47022
3.4435
3.42739
3.42869
3.4257
3.3763
3.22298
2.83348
1.93367
0.64767
-0.387696
-1.37678
-1.536
-1.32115
-0.905534
-0.686941
-0.548649
-0.447752
-0.363875
-0.28539
-0.209318
-0.136717
-0.0876571
-0.0239513
-0.0574318
5.65217
5.65214
5.65204
5.65188
5.65166
5.65137
5.65102
5.6506
5.6501
5.64951
5.64884
5.64807
5.64719
5.6462
5.64509
5.64383
5.64243
5.64086
5.63913
5.6372
5.63508
5.63274
5.63018
5.62739
5.62437
5.62112
5.61764
5.61395
5.61007
5.60602
5.60186
5.59763
5.59341
5.58927
5.58528
5.58154
5.57813
5.57515
5.57268
5.57082
5.56965
5.56925
5.56965
5.57091
5.57307
5.57616
5.58022
5.58526
5.5913
5.59836
5.60644
5.61553
5.62561
5.63659
5.64835
5.66062
5.67296
5.6846
5.6943
5.69977
5.69775
5.68115
5.64252
5.55572
5.41552
5.12741
4.78882
4.44597
4.20422
3.85767
3.64007
3.58027
3.41182
3.4759
3.44686
3.40138
3.35486
3.32884
3.32798
3.32633
3.27972
3.13039
2.76838
1.93995
0.782236
-0.283527
-1.22536
-1.44216
-1.24931
-0.873357
-0.659932
-0.521667
-0.418323
-0.333882
-0.257534
-0.185808
-0.117863
-0.0798377
-0.016405
-0.066739
5.65226
5.65223
5.65213
5.65197
5.65176
5.65148
5.65113
5.65071
5.65022
5.64965
5.64898
5.64822
5.64736
5.64638
5.64528
5.64404
5.64264
5.64109
5.63936
5.63745
5.63533
5.633
5.63044
5.62764
5.62461
5.62134
5.61783
5.6141
5.61016
5.60606
5.60183
5.59752
5.5932
5.58896
5.58486
5.58101
5.57749
5.57439
5.57181
5.56984
5.56857
5.56806
5.56836
5.56951
5.57156
5.57453
5.57845
5.58332
5.58917
5.59599
5.60378
5.61251
5.62214
5.63256
5.64361
5.65499
5.66622
5.67645
5.68441
5.68775
5.68327
5.66401
5.62338
5.537
5.40307
5.13512
4.81433
4.48984
4.22273
3.90907
3.7041
3.61378
3.46194
3.47913
3.40147
3.32333
3.25558
3.21985
3.22005
3.22439
3.18454
3.04523
2.71062
1.97849
0.909191
-0.133585
-1.05096
-1.32625
-1.17061
-0.833773
-0.623952
-0.486795
-0.383341
-0.300222
-0.227022
-0.162128
-0.0998705
-0.0726753
-0.0104956
-0.0730048
5.65235
5.65233
5.65223
5.65207
5.65186
5.65158
5.65124
5.65083
5.65035
5.64979
5.64913
5.64839
5.64753
5.64657
5.64548
5.64425
5.64287
5.64133
5.63962
5.63771
5.6356
5.63327
5.63071
5.62791
5.62487
5.62157
5.61803
5.61426
5.61027
5.60611
5.6018
5.5974
5.59299
5.58863
5.58443
5.58045
5.57681
5.57359
5.5709
5.56881
5.56743
5.56681
5.567
5.56805
5.56998
5.57282
5.57659
5.5813
5.58695
5.59354
5.60103
5.6094
5.61858
5.62844
5.6388
5.64931
5.65946
5.66835
5.67468
5.67607
5.66944
5.64804
5.60605
5.52122
5.39315
5.14747
4.84875
4.53853
4.27142
3.9785
3.77762
3.67255
3.51746
3.48163
3.34972
3.23762
3.1467
3.10321
3.10869
3.12216
3.09412
2.96852
2.6669
2.02784
1.04208
0.0313887
-0.873974
-1.20154
-1.08986
-0.788101
-0.582303
-0.446057
-0.344139
-0.263401
-0.195788
-0.139601
-0.0840544
-0.0653273
-0.0053223
-0.0763587
5.65245
5.65243
5.65233
5.65218
5.65197
5.6517
5.65136
5.65096
5.65049
5.64993
5.64929
5.64855
5.64772
5.64676
5.64569
5.64447
5.64311
5.64158
5.63988
5.63799
5.63588
5.63356
5.631
5.62819
5.62513
5.62182
5.61825
5.61443
5.61039
5.60616
5.60177
5.59728
5.59276
5.5883
5.58397
5.57987
5.5761
5.57276
5.56993
5.56774
5.56624
5.56551
5.56558
5.56651
5.56833
5.57104
5.57467
5.57921
5.58466
5.591
5.5982
5.60621
5.61494
5.62425
5.63392
5.64359
5.6527
5.66032
5.66514
5.66478
5.65628
5.63321
5.59041
5.5079
5.38574
5.16254
4.8879
4.59521
4.33769
4.06465
3.86743
3.74698
3.57757
3.48372
3.29233
3.14511
3.03065
2.98069
2.99695
3.02241
3.01027
2.90366
2.63949
2.08307
1.1774
0.191713
-0.71452
-1.08042
-1.01373
-0.738504
-0.535802
-0.400786
-0.301968
-0.227381
-0.166571
-0.119585
-0.0696681
-0.0577784
-0.00101676
-0.0771428
5.65255
5.65253
5.65243
5.65228
5.65208
5.65182
5.65149
5.6511
5.65063
5.65008
5.64945
5.64873
5.64791
5.64697
5.6459
5.64471
5.64336
5.64185
5.64016
5.63827
5.63618
5.63386
5.6313
5.62849
5.62542
5.62208
5.61848
5.61462
5.61052
5.60622
5.60175
5.59716
5.59254
5.58795
5.58349
5.57926
5.57535
5.57188
5.56893
5.56661
5.56499
5.56414
5.5641
5.56491
5.56661
5.56919
5.57267
5.57704
5.58228
5.58838
5.59528
5.60293
5.61122
5.61999
5.62899
5.63784
5.64595
5.65238
5.65581
5.65389
5.64381
5.61948
5.57634
5.49668
5.38082
5.17929
4.92956
4.65888
4.41547
4.16336
3.969
3.83292
3.64192
3.48547
3.22927
3.04652
2.908
2.85568
2.88799
2.92842
2.93474
2.85123
2.62671
2.14415
1.30743
0.337089
-0.584537
-0.974951
-0.946645
-0.686378
-0.486095
-0.355377
-0.261387
-0.194628
-0.14064
-0.10121
-0.0569632
-0.0505846
0.00235908
-0.075765
5.65266
5.65264
5.65254
5.6524
5.6522
5.65194
5.65162
5.65123
5.65078
5.65024
5.64963
5.64891
5.6481
5.64718
5.64613
5.64495
5.64362
5.64212
5.64045
5.63858
5.63649
5.63418
5.63162
5.62881
5.62572
5.62236
5.61873
5.61482
5.61067
5.60629
5.60173
5.59704
5.5923
5.58759
5.58299
5.57862
5.57458
5.57096
5.56788
5.56542
5.56368
5.56271
5.56255
5.56325
5.56482
5.56727
5.5706
5.57479
5.57984
5.58569
5.5923
5.59958
5.60743
5.61566
5.62402
5.63207
5.63924
5.64456
5.64671
5.64341
5.632
5.6068
5.56376
5.48738
5.37819
5.19678
4.97229
4.72606
4.50016
4.26966
4.07813
3.92705
3.70988
3.4866
3.15897
2.94435
2.78147
2.73326
2.78517
2.84288
2.86934
2.81043
2.6265
2.21146
1.42905
0.463262
-0.491502
-0.896393
-0.892848
-0.637687
-0.438152
-0.312601
-0.224726
-0.164799
-0.117354
-0.0849842
-0.0463949
-0.0441829
0.00484744
-0.0727208
5.65277
5.65275
5.65266
5.65251
5.65232
5.65207
5.65175
5.65138
5.65093
5.65041
5.6498
5.64911
5.64831
5.6474
5.64637
5.64521
5.64389
5.64241
5.64075
5.6389
5.63682
5.63452
5.63196
5.62914
5.62605
5.62266
5.61899
5.61504
5.61083
5.60637
5.60172
5.59692
5.59206
5.58721
5.58248
5.57796
5.57376
5.57
5.56678
5.56419
5.56231
5.56122
5.56094
5.56151
5.56296
5.56527
5.56845
5.57248
5.57732
5.58293
5.58924
5.59617
5.60359
5.61129
5.61901
5.62632
5.63259
5.63687
5.63786
5.63336
5.62086
5.59511
5.55256
5.47978
5.37751
5.21468
5.01467
4.79423
4.58814
4.37939
4.19147
4.02614
3.78025
3.48632
3.0824
2.84109
2.65528
2.61807
2.69174
2.76797
2.81442
2.78219
2.63838
2.2848
1.54316
0.569095
-0.435917
-0.854095
-0.854322
-0.596015
-0.395222
-0.272917
-0.191361
-0.138546
-0.0976633
-0.0715781
-0.0380835
-0.0388166
0.00652904
-0.0684993
5.65288
5.65286
5.65277
5.65263
5.65244
5.6522
5.65189
5.65152
5.65109
5.65058
5.64999
5.6493
5.64852
5.64763
5.64662
5.64547
5.64417
5.64271
5.64107
5.63923
5.63717
5.63487
5.63232
5.6295
5.62639
5.62298
5.61928
5.61528
5.611
5.60646
5.60171
5.59681
5.59181
5.58683
5.58194
5.57727
5.57292
5.569
5.56563
5.5629
5.56089
5.55966
5.55926
5.55971
5.56103
5.56321
5.56624
5.57009
5.57473
5.58009
5.58612
5.5927
5.59969
5.60688
5.61399
5.62057
5.62599
5.62932
5.62926
5.62373
5.61036
5.58438
5.54266
5.47372
5.3785
5.23286
5.05587
4.86138
4.67674
4.48955
4.30708
4.12887
3.85214
3.48406
2.99982
2.74033
2.53296
2.5145
2.61036
2.70499
2.76996
2.76612
2.66053
2.36284
1.64959
0.654582
-0.411532
-0.857452
-0.831086
-0.561563
-0.357788
-0.23776
-0.162812
-0.116889
-0.0821171
-0.0612177
-0.0319548
-0.0345789
0.00749831
-0.0635859
5.653
5.65298
5.65289
5.65276
5.65257
5.65233
5.65204
5.65168
5.65125
5.65075
5.65017
5.64951
5.64874
5.64787
5.64687
5.64575
5.64447
5.64303
5.6414
5.63958
5.63753
5.63524
5.63269
5.62987
5.62675
5.62332
5.61958
5.61553
5.61118
5.60656
5.60171
5.59669
5.59157
5.58643
5.58139
5.57655
5.57204
5.56796
5.56443
5.56155
5.55941
5.55805
5.55752
5.55785
5.55904
5.56108
5.56396
5.56764
5.57207
5.5772
5.58293
5.58917
5.59574
5.60244
5.60896
5.61484
5.61947
5.62191
5.62092
5.61451
5.60049
5.57454
5.53394
5.46903
5.38092
5.25121
5.09571
4.92616
4.76372
4.59818
4.42371
4.2353
3.92524
3.48247
2.91134
2.64589
2.42031
2.42506
2.54279
2.65388
2.73671
2.75987
2.69003
2.44347
1.74803
0.718212
-0.413831
-0.90754
-0.825028
-0.537016
-0.327934
-0.208629
-0.140091
-0.100228
-0.0707184
-0.0538111
-0.0278479
-0.0314731
0.00783788
-0.0583964
5.65312
5.6531
5.65302
5.65289
5.65271
5.65247
5.65218
5.65184
5.65142
5.65094
5.65037
5.64972
5.64897
5.64812
5.64714
5.64603
5.64478
5.64335
5.64175
5.63994
5.63791
5.63563
5.63309
5.63026
5.62713
5.62368
5.6199
5.6158
5.61139
5.60668
5.60173
5.59658
5.59131
5.58603
5.58082
5.57581
5.57112
5.56687
5.56319
5.56015
5.55786
5.55637
5.55571
5.55591
5.55697
5.55888
5.56161
5.56512
5.56935
5.57424
5.57969
5.58558
5.59175
5.59797
5.60392
5.60915
5.61304
5.61467
5.61285
5.60571
5.59122
5.56553
5.52633
5.46554
5.38453
5.2696
5.13413
4.98823
4.8479
4.70423
4.53948
4.34484
3.99816
3.48115
2.81942
2.56025
2.32385
2.3509
2.4895
2.6136
2.71488
2.76036
2.72381
2.52406
1.83945
0.761786
-0.455358
-0.98338
-0.83473
-0.524219
-0.306424
-0.186373
-0.123444
-0.0884872
-0.0631941
-0.0491067
-0.0255054
-0.0293854
0.00762961
-0.053261
5.65325
5.65323
5.65314
5.65302
5.65284
5.65262
5.65234
5.652
5.6516
5.65112
5.65057
5.64994
5.64921
5.64837
5.64742
5.64633
5.64509
5.64369
5.64211
5.64032
5.6383
5.63604
5.6335
5.63067
5.62753
5.62405
5.62024
5.61609
5.61161
5.60681
5.60175
5.59647
5.59106
5.58561
5.58023
5.57504
5.57017
5.56575
5.56189
5.5587
5.55625
5.55462
5.55383
5.55391
5.55484
5.55661
5.55919
5.56253
5.56657
5.57122
5.5764
5.58196
5.58773
5.59348
5.59889
5.6035
5.60669
5.60758
5.60503
5.5973
5.58253
5.55731
5.51971
5.46313
5.38914
5.28789
5.17102
5.04748
4.92888
4.80697
4.65335
4.45767
4.06815
3.48152
2.72502
2.486
2.24583
2.29128
2.44946
2.58425
2.70218
2.76494
2.75889
2.60387
1.92291
0.799466
-0.534866
-1.06763
-0.859823
-0.523264
-0.292869
-0.171317
-0.112578
-0.0812358
-0.0590158
-0.0466646
-0.0246379
-0.028169
0.00696285
-0.0484148
5.65337
5.65335
5.65327
5.65315
5.65298
5.65276
5.65249
5.65216
5.65177
5.65132
5.65078
5.65016
5.64945
5.64863
5.6477
5.64663
5.64542
5.64404
5.64248
5.64071
5.63871
5.63646
5.63393
5.6311
5.62795
5.62445
5.62061
5.6164
5.61184
5.60696
5.60178
5.59637
5.59081
5.58518
5.57962
5.57424
5.56918
5.56457
5.56054
5.55718
5.55459
5.55281
5.55189
5.55184
5.55264
5.55428
5.55671
5.55988
5.56373
5.56815
5.57305
5.57829
5.58368
5.58898
5.59386
5.59789
5.60044
5.60066
5.59748
5.58927
5.57437
5.54979
5.51397
5.46163
5.39454
5.306
5.20639
5.1038
5.00642
4.90618
4.76555
4.57491
4.13375
3.49906
2.63666
2.45056
2.18263
2.23553
2.41651
2.56527
2.69562
2.77124
2.79294
2.6877
1.96964
0.84997
-0.619571
-1.17194
-0.908634
-0.534764
-0.287124
-0.163076
-0.106642
-0.0777009
-0.0575664
-0.0459568
-0.0249169
-0.0276318
0.00593555
-0.0440094
5.6535
5.65348
5.65341
5.65329
5.65313
5.65292
5.65265
5.65234
5.65196
5.65151
5.65099
5.65039
5.6497
5.64891
5.64799
5.64695
5.64576
5.64441
5.64287
5.64112
5.63914
5.6369
5.63438
5.63155
5.62839
5.62488
5.62099
5.61673
5.6121
5.60712
5.60183
5.59628
5.59055
5.58475
5.57899
5.57342
5.56816
5.56336
5.55914
5.55561
5.55285
5.55093
5.54988
5.5497
5.55037
5.55188
5.55417
5.55717
5.56083
5.56503
5.56966
5.57458
5.5796
5.58447
5.58886
5.59233
5.59428
5.5939
5.59018
5.58161
5.56672
5.54293
5.50904
5.46091
5.40055
5.32383
5.24022
5.15722
5.08043
5.00178
4.87647
4.69695
4.20138
3.55467
2.5913
2.51101
2.13755
2.15938
2.35721
2.54889
2.69269
2.7776
2.82705
2.76228
1.91804
0.875357
-0.674772
-1.30317
-1.02121
-0.568706
-0.289214
-0.160279
-0.104464
-0.0766704
-0.0580045
-0.0464495
-0.0259956
-0.0275805
0.00464671
-0.0401274
5.65364
5.65362
5.65354
5.65343
5.65327
5.65307
5.65282
5.65251
5.65215
5.65172
5.65121
5.65063
5.64996
5.64918
5.6483
5.64728
5.64611
5.64478
5.64327
5.64154
5.63958
5.63736
5.63485
5.63203
5.62886
5.62532
5.6214
5.61709
5.61238
5.6073
5.60189
5.59619
5.5903
5.58431
5.57835
5.57257
5.5671
5.56209
5.55768
5.55397
5.55106
5.54899
5.5478
5.54749
5.54804
5.54941
5.55156
5.5544
5.55787
5.56185
5.56622
5.57083
5.57549
5.57995
5.58387
5.58682
5.58823
5.58731
5.58312
5.5743
5.55953
5.53666
5.50479
5.46084
5.40701
5.34127
5.27251
5.20777
5.15094
5.09378
4.98638
4.82091
4.2933
3.58672
2.5518
2.33654
2.52411
2.69028
2.78313
2.86476
2.73529
2.09652
-1.06685
-0.61276
-0.296734
-0.160297
-0.104883
-0.0770479
-0.0592896
-0.0476551
-0.0275275
-0.0278466
0.00319137
-0.0367968
5.65377
5.65375
5.65368
5.65357
5.65342
5.65323
5.65299
5.65269
5.65234
5.65192
5.65144
5.65088
5.65022
5.64947
5.64861
5.64761
5.64648
5.64517
5.64368
5.64198
5.64005
5.63784
5.63535
5.63253
5.62935
5.6258
5.62184
5.61747
5.61269
5.60751
5.60196
5.59611
5.59004
5.58386
5.57769
5.57169
5.566
5.56078
5.55617
5.55228
5.54919
5.54697
5.54565
5.54521
5.54563
5.54688
5.54889
5.55158
5.55486
5.55863
5.56275
5.56706
5.57138
5.57544
5.57891
5.58138
5.58228
5.58088
5.5763
5.56732
5.55278
5.53091
5.50115
5.46129
5.41374
5.35821
5.30321
5.25549
5.21796
5.18201
5.0945
4.94128
4.42547
3.55514
2.96092
2.5398
2.69362
2.78668
2.891
2.73531
-0.58331
-0.295804
-0.159853
-0.106508
-0.0783157
-0.0606834
-0.0491319
-0.0292135
-0.028292
0.00165529
-0.0340082
5.65391
5.65389
5.65383
5.65372
5.65358
5.65339
5.65316
5.65287
5.65254
5.65214
5.65167
5.65113
5.6505
5.64977
5.64893
5.64796
5.64685
5.64558
5.64411
5.64244
5.64053
5.63835
5.63586
5.63305
5.62987
5.62629
5.6223
5.61788
5.61302
5.60773
5.60205
5.59605
5.58979
5.5834
5.57701
5.57078
5.56486
5.55942
5.5546
5.55052
5.54726
5.54489
5.54342
5.54286
5.54316
5.54428
5.54615
5.54869
5.5518
5.55536
5.55923
5.56326
5.56725
5.57093
5.57398
5.57599
5.57643
5.57461
5.56971
5.56064
5.54642
5.52563
5.498
5.46214
5.42061
5.37455
5.33229
5.30038
5.2815
5.26634
5.20005
5.06102
4.5403
3.4975
2.52489
2.68597
2.78637
2.89211
2.79611
-0.583882
-0.306867
-0.159719
-0.107803
-0.0797436
-0.0620558
-0.0505115
-0.0308285
-0.0288006
0.000112025
-0.0317249
5.65405
5.65404
5.65397
5.65387
5.65373
5.65356
5.65333
5.65306
5.65274
5.65236
5.65191
5.65138
5.65078
5.65007
5.64926
5.64832
5.64724
5.64599
5.64456
5.64291
5.64103
5.63887
5.6364
5.63359
5.63041
5.62682
5.62279
5.61831
5.61337
5.60798
5.60217
5.59599
5.58954
5.58294
5.57632
5.56984
5.56368
5.55801
5.55297
5.54869
5.54526
5.54273
5.54113
5.54044
5.54062
5.54162
5.54336
5.54575
5.54869
5.55205
5.55569
5.55944
5.56311
5.56643
5.56908
5.57067
5.57069
5.56849
5.56333
5.55424
5.54041
5.52074
5.49528
5.46327
5.42747
5.39017
5.35968
5.3424
5.34136
5.34652
5.30399
5.19032
4.57994
3.97568
2.69783
2.79115
2.87282
2.89722
-0.297527
-0.154389
-0.107361
-0.0804468
-0.0631026
-0.0515955
-0.0322242
-0.0292817
-0.00137895
-0.0298993
5.65419
5.65418
5.65412
5.65402
5.65389
5.65372
5.65351
5.65325
5.65294
5.65258
5.65215
5.65165
5.65106
5.65038
5.6496
5.64869
5.64763
5.64642
5.64502
5.6434
5.64154
5.63941
5.63696
5.63416
5.63098
5.62737
5.62331
5.61878
5.61375
5.60825
5.6023
5.59595
5.5893
5.58247
5.57561
5.56888
5.56247
5.55655
5.55128
5.5468
5.54319
5.5405
5.53876
5.53794
5.53801
5.53889
5.5405
5.54275
5.54553
5.5487
5.55211
5.5556
5.55896
5.56194
5.56422
5.56541
5.56505
5.56252
5.55715
5.54811
5.53472
5.5162
5.49287
5.46459
5.43417
5.40496
5.38527
5.38144
5.39721
5.42211
5.40708
5.31591
4.54416
2.70615
2.7912
2.8596
-0.281947
-0.145672
-0.105305
-0.0802668
-0.0635781
-0.0522388
-0.0333152
-0.0296761
-0.00276991
-0.0284873
5.65434
5.65433
5.65427
5.65418
5.65406
5.65389
5.65369
5.65345
5.65315
5.65281
5.65239
5.65191
5.65135
5.6507
5.64994
5.64906
5.64804
5.64686
5.64549
5.64391
5.64208
5.63997
5.63754
5.63476
5.63158
5.62796
5.62386
5.61927
5.61416
5.60855
5.60245
5.59593
5.58907
5.582
5.57488
5.56788
5.5612
5.55503
5.54953
5.54483
5.54104
5.5382
5.53632
5.53538
5.53533
5.5361
5.53759
5.53971
5.54232
5.54531
5.5485
5.55174
5.55481
5.55746
5.55939
5.56022
5.55951
5.55669
5.55117
5.54222
5.5293
5.51194
5.49071
5.46597
5.44059
5.41879
5.40898
5.41733
5.44865
5.49172
5.50469
5.44242
4.73913
2.71919
2.77875
2.84943
-0.258289
-0.137981
-0.101913
-0.0794546
-0.063484
-0.0523827
-0.0340764
-0.0299516
-0.00405266
-0.0274423
5.65449
5.65448
5.65442
5.65434
5.65422
5.65407
5.65388
5.65365
5.65337
5.65304
5.65265
5.65219
5.65165
5.65103
5.6503
5.64945
5.64846
5.64731
5.64598
5.64443
5.64264
5.64056
5.63815
5.63538
5.6322
5.62857
5.62445
5.6198
5.61461
5.60888
5.60263
5.59592
5.58884
5.58152
5.57413
5.56686
5.5599
5.55346
5.54771
5.5428
5.53882
5.53581
5.53379
5.53273
5.53258
5.53324
5.53462
5.5366
5.53907
5.54188
5.54487
5.54787
5.55066
5.55301
5.5546
5.5551
5.55406
5.55099
5.54536
5.53654
5.52413
5.50793
5.4887
5.4673
5.44661
5.43157
5.43077
5.45012
5.49583
5.55479
5.5962
5.57739
4.86289
2.78202
2.83645
-0.211044
-0.135042
-0.096851
-0.0778596
-0.0627471
-0.0520251
-0.0345124
-0.0300842
-0.00526301
-0.0266275
5.65464
5.65463
5.65458
5.6545
5.65439
5.65425
5.65407
5.65385
5.65359
5.65327
5.6529
5.65247
5.65196
5.65136
5.65066
5.64984
5.64889
5.64778
5.64648
5.64497
5.64321
5.64116
5.63878
5.63603
5.63286
5.62922
5.62506
5.62036
5.61509
5.60924
5.60283
5.59593
5.58862
5.58105
5.57337
5.5658
5.55855
5.55183
5.54583
5.54069
5.53651
5.53335
5.53119
5.53002
5.52975
5.53031
5.53159
5.53345
5.53578
5.53842
5.54122
5.54398
5.54652
5.54857
5.54986
5.55004
5.54871
5.54543
5.53972
5.53105
5.51919
5.50411
5.48678
5.46848
5.45215
5.44322
5.45058
5.47995
5.53932
5.61269
5.68673
5.68896
5.01378
2.79844
2.82925
-0.140328
-0.0910488
-0.074925
-0.0612031
-0.0511399
-0.0346405
-0.0300518
-0.0064151
-0.0259325
5.65479
5.65478
5.65473
5.65466
5.65456
5.65443
5.65426
5.65405
5.65381
5.65351
5.65316
5.65275
5.65227
5.6517
5.65103
5.65025
5.64933
5.64826
5.647
5.64553
5.6438
5.64179
5.63944
5.63671
5.63355
5.6299
5.62572
5.62096
5.6156
5.60963
5.60307
5.59597
5.58842
5.58057
5.5726
5.56471
5.55715
5.55014
5.54387
5.5385
5.53413
5.5308
5.52851
5.52722
5.52686
5.52732
5.5285
5.53025
5.53244
5.53493
5.53754
5.54009
5.54238
5.54415
5.54515
5.54504
5.54346
5.53999
5.53423
5.52574
5.51443
5.50042
5.48488
5.46942
5.45713
5.45365
5.46837
5.50689
5.57936
5.66818
5.78115
5.74751
5.42862
-0.124529
-0.0850616
-0.0709576
-0.0588983
-0.0497773
-0.034504
-0.0298757
-0.00749008
-0.0253212
5.65495
5.65494
5.65489
5.65482
5.65473
5.65461
5.65445
5.65426
5.65403
5.65376
5.65343
5.65304
5.65258
5.65205
5.65141
5.65066
5.64979
5.64875
5.64753
5.6461
5.64442
5.64244
5.64013
5.63742
5.63427
5.63061
5.62641
5.6216
5.61615
5.61006
5.60333
5.59602
5.58823
5.58009
5.5718
5.56359
5.55571
5.54839
5.54184
5.53623
5.53166
5.52817
5.52575
5.52435
5.52389
5.52427
5.52535
5.527
5.52907
5.53141
5.53384
5.53619
5.53824
5.53976
5.54049
5.54011
5.53829
5.53466
5.52887
5.52058
5.50983
5.49683
5.48295
5.47002
5.46146
5.46274
5.48393
5.53054
5.615
5.71981
5.8559
5.7625
-0.108337
-0.0778366
-0.0664918
-0.0561889
-0.0481184
-0.0341983
-0.0296094
-0.00848816
-0.0247714
5.6551
5.65509
5.65505
5.65499
5.6549
5.65479
5.65465
5.65447
5.65426
5.654
5.6537
5.65334
5.65291
5.6524
5.6518
5.65109
5.65025
5.64926
5.64808
5.64669
5.64505
5.64312
5.64083
5.63815
5.63502
5.63136
5.62713
5.62227
5.61675
5.61053
5.60363
5.59611
5.58805
5.57961
5.57099
5.56244
5.55421
5.54657
5.53974
5.53388
5.5291
5.52544
5.5229
5.5214
5.52085
5.52115
5.52214
5.5237
5.52566
5.52786
5.53013
5.53228
5.53412
5.53539
5.53587
5.53524
5.53321
5.52943
5.52364
5.51555
5.50534
5.4933
5.48093
5.47019
5.46505
5.47036
5.49697
5.5502
5.64454
5.76256
5.91559
5.87985
-0.093606
-0.0699412
-0.061846
-0.0533888
-0.0463666
-0.033841
-0.0293235
-0.00942843
-0.0242676
5.65526
5.65525
5.65522
5.65516
5.65508
5.65498
5.65485
5.65469
5.65449
5.65425
5.65397
5.65364
5.65323
5.65276
5.65219
5.65152
5.65072
5.64977
5.64864
5.6473
5.64571
5.64381
5.64157
5.63892
5.6358
5.63215
5.6279
5.623
5.61738
5.61104
5.60397
5.59622
5.58789
5.57914
5.57017
5.56125
5.55267
5.54468
5.53755
5.53143
5.52645
5.52263
5.51996
5.51836
5.51774
5.51796
5.51888
5.52035
5.52221
5.52428
5.5264
5.52838
5.53
5.53105
5.53129
5.53043
5.52821
5.52431
5.51852
5.51064
5.50093
5.48978
5.4788
5.46993
5.46773
5.47639
5.50729
5.56531
5.66658
5.79256
5.96332
5.97268
-0.081392
-0.0623715
-0.0571781
-0.0506809
-0.0446872
-0.0335354
-0.0290917
-0.0103345
-0.0237992
5.65542
5.65541
5.65538
5.65533
5.65526
5.65516
5.65505
5.6549
5.65472
5.65451
5.65425
5.65394
5.65357
5.65313
5.6526
5.65196
5.65121
5.6503
5.64922
5.64793
5.64638
5.64453
5.64233
5.63972
5.63663
5.63298
5.62872
5.62376
5.61807
5.61159
5.60435
5.59637
5.58775
5.57867
5.56933
5.56003
5.55106
5.54273
5.53528
5.5289
5.5237
5.51972
5.51693
5.51524
5.51455
5.5147
5.51556
5.51696
5.51872
5.52068
5.52266
5.52447
5.5259
5.52674
5.52675
5.52569
5.52328
5.51927
5.51349
5.50582
5.49658
5.48624
5.47653
5.46928
5.46927
5.4808
5.51485
5.57587
5.68134
5.81099
5.99601
6.03819
-0.0716363
-0.0553807
-0.0525599
-0.0482135
-0.0432049
-0.0333621
-0.0289804
-0.0112286
-0.0233608
5.65558
5.65557
5.65554
5.6555
5.65544
5.65535
5.65525
5.65512
5.65496
5.65477
5.65453
5.65425
5.65391
5.6535
5.653
5.65241
5.6517
5.65084
5.64981
5.64857
5.64707
5.64528
5.64313
5.64055
5.63748
5.63385
5.62957
5.62457
5.6188
5.6122
5.60477
5.59655
5.58763
5.5782
5.56848
5.55877
5.5494
5.54069
5.53291
5.52627
5.52086
5.51672
5.51381
5.51203
5.51128
5.51138
5.51219
5.51352
5.5152
5.51706
5.51891
5.52056
5.52181
5.52246
5.52226
5.521
5.51843
5.51432
5.50855
5.50106
5.49225
5.48264
5.47405
5.46825
5.46967
5.48358
5.51977
5.5823
5.68993
5.82044
6.01523
6.08065
-0.0641547
-0.0493564
-0.0481435
-0.0461088
-0.0420126
-0.0333704
-0.029037
-0.0121311
-0.0229523
5.65574
5.65574
5.65571
5.65567
5.65562
5.65555
5.65545
5.65534
5.6552
5.65502
5.65481
5.65456
5.65425
5.65388
5.65342
5.65287
5.6522
5.6514
5.65042
5.64923
5.64779
5.64605
5.64394
5.64141
5.63838
5.63476
5.63048
5.62544
5.61958
5.61285
5.60523
5.59676
5.58754
5.57774
5.56761
5.55748
5.54768
5.53858
5.53046
5.52353
5.5179
5.5136
5.51058
5.50874
5.50793
5.50799
5.50876
5.51003
5.51165
5.51341
5.51515
5.51665
5.51774
5.5182
5.51782
5.51637
5.51364
5.50944
5.50368
5.49637
5.48793
5.47894
5.47127
5.46666
5.46916
5.48478
5.52224
5.58511
5.69334
5.82264
6.02314
6.10332
-0.0544779
-0.0448459
-0.0440925
-0.04431
-0.041129
-0.0335673
-0.029283
-0.0130587
-0.0225723
5.65591
5.6559
5.65588
5.65585
5.6558
5.65574
5.65566
5.65556
5.65544
5.65529
5.6551
5.65487
5.6546
5.65426
5.65384
5.65334
5.65272
5.65196
5.65104
5.6499
5.64852
5.64684
5.64479
5.64231
5.63932
5.63572
5.63143
5.62635
5.62042
5.61356
5.60575
5.59702
5.58748
5.57729
5.56673
5.55614
5.5459
5.53638
5.5279
5.52069
5.51484
5.51039
5.50726
5.50535
5.5045
5.50454
5.50527
5.50651
5.50806
5.50975
5.51138
5.51276
5.51369
5.51398
5.51341
5.51179
5.50892
5.50464
5.49888
5.4917
5.48358
5.47511
5.46817
5.46441
5.46787
5.48449
5.52247
5.58468
5.69213
5.81815
6.02011
6.10643
-0.0233427
-0.0366322
-0.0396211
-0.0425306
-0.0405035
-0.033934
-0.0297134
-0.0140259
-0.0222152
5.65607
5.65606
5.65605
5.65602
5.65598
5.65593
5.65587
5.65579
5.65568
5.65555
5.65539
5.65519
5.65495
5.65465
5.65427
5.65381
5.65324
5.65254
5.65167
5.6506
5.64928
5.64766
5.64567
5.64324
5.64029
5.63672
5.63243
5.62733
5.62132
5.61433
5.60633
5.59733
5.58745
5.57685
5.56584
5.55476
5.54405
5.53409
5.52524
5.51773
5.51166
5.50706
5.50384
5.50187
5.50099
5.50101
5.50172
5.50294
5.50445
5.50607
5.5076
5.50886
5.50966
5.50978
5.50906
5.50727
5.50426
5.49989
5.49413
5.48706
5.47919
5.47113
5.46473
5.46154
5.46577
5.48276
5.5206
5.58127
5.68664
5.80727
6.00652
6.08856
-0.0360994
-0.0374086
-0.0411868
-0.0401612
-0.0344722
-0.0303101
-0.0150479
-0.0218671
5.65623
5.65623
5.65622
5.6562
5.65617
5.65613
5.65608
5.65601
5.65593
5.65582
5.65569
5.65552
5.65531
5.65504
5.65471
5.65429
5.65377
5.65313
5.65232
5.65131
5.65006
5.6485
5.64658
5.64421
5.64131
5.63777
5.63349
5.62836
5.62227
5.61516
5.60696
5.59769
5.58745
5.57643
5.56493
5.55335
5.54212
5.53171
5.52247
5.51465
5.50836
5.50361
5.5003
5.49829
5.4974
5.49741
5.49812
5.49932
5.5008
5.50237
5.50383
5.50498
5.50564
5.50563
5.50474
5.50281
5.49967
5.4952
5.48942
5.48243
5.47475
5.46698
5.46096
5.45811
5.46282
5.47966
5.51674
5.57507
5.67706
5.79011
5.98261
6.04892
-0.0328973
-0.0368332
-0.0406486
-0.0402132
-0.0352278
-0.0310599
-0.0161415
-0.021518
5.6564
5.6564
5.65639
5.65637
5.65635
5.65632
5.65629
5.65624
5.65617
5.65609
5.65598
5.65584
5.65567
5.65544
5.65515
5.65478
5.65432
5.65372
5.65298
5.65204
5.65085
5.64937
5.64751
5.64521
5.64236
5.63886
5.6346
5.62945
5.6233
5.61605
5.60765
5.5981
5.5875
5.57602
5.56401
5.55188
5.54012
5.52922
5.51957
5.51144
5.50493
5.50004
5.49665
5.49461
5.49372
5.49374
5.49447
5.49567
5.49713
5.49866
5.50005
5.50111
5.50166
5.5015
5.50047
5.49839
5.49513
5.49057
5.48475
5.47779
5.47025
5.46267
5.45686
5.45414
5.45901
5.47526
5.51097
5.56622
5.66354
5.7669
5.94885
5.98783
-0.0324045
-0.0367577
-0.0408619
-0.0407307
-0.0362479
-0.0319519
-0.0173176
-0.0211588
5.65656
5.65656
5.65656
5.65655
5.65654
5.65652
5.6565
5.65646
5.65642
5.65636
5.65628
5.65617
5.65603
5.65584
5.6556
5.65528
5.65487
5.65433
5.65365
5.65278
5.65167
5.65026
5.64848
5.64625
5.64346
5.64001
5.63577
5.6306
5.62439
5.61702
5.60842
5.59857
5.58758
5.57564
5.56308
5.55037
5.53804
5.52662
5.51655
5.5081
5.50137
5.49634
5.49289
5.49083
5.48995
5.49
5.49075
5.49197
5.49344
5.49493
5.49627
5.49725
5.49769
5.49741
5.49625
5.49403
5.49064
5.48599
5.48012
5.47316
5.46568
5.45819
5.45243
5.44969
5.45434
5.46959
5.50335
5.5548
5.64617
5.73785
5.90536
5.90518
-0.0349069
-0.0373073
-0.0419251
-0.0417736
-0.0375507
-0.0329759
-0.0185698
-0.0207705
5.65673
5.65673
5.65673
5.65673
5.65672
5.65672
5.65671
5.65669
5.65667
5.65663
5.65658
5.6565
5.65639
5.65625
5.65605
5.65578
5.65542
5.65495
5.65434
5.65354
5.6525
5.65118
5.64948
5.64732
5.64461
5.64121
5.637
5.63183
5.62556
5.61806
5.60926
5.59911
5.58772
5.57527
5.56214
5.54881
5.53587
5.52391
5.51339
5.50462
5.49767
5.49251
5.489
5.48694
5.48609
5.48619
5.48698
5.48823
5.48971
5.4912
5.49249
5.4934
5.49375
5.49336
5.49207
5.48972
5.48621
5.48146
5.47551
5.46852
5.46103
5.45354
5.44769
5.44476
5.44883
5.46269
5.49391
5.54087
5.62497
5.70327
5.85248
5.8051
-0.0217524
-0.0368972
-0.039772
-0.0440212
-0.0433294
-0.0391088
-0.0341272
-0.019885
-0.0203407
5.65689
5.65689
5.6569
5.6569
5.65691
5.65691
5.65692
5.65692
5.65692
5.6569
5.65688
5.65683
5.65676
5.65666
5.6565
5.65629
5.65599
5.65558
5.65504
5.65431
5.65336
5.65212
5.65051
5.64844
5.6458
5.64246
5.63829
5.63312
5.6268
5.61919
5.61018
5.59972
5.58791
5.57493
5.56119
5.5472
5.53361
5.52107
5.51009
5.50098
5.49381
5.48853
5.48499
5.48295
5.48214
5.4823
5.48316
5.48446
5.48596
5.48745
5.48872
5.48958
5.48984
5.48935
5.48794
5.48547
5.48184
5.47698
5.47094
5.46388
5.45631
5.44873
5.44266
5.43934
5.44252
5.4546
5.48271
5.52447
5.59996
5.6636
5.79031
5.68745
-0.0490293
-0.0450367
-0.0442804
-0.0466959
-0.0452403
-0.0408665
-0.0354049
-0.0212525
-0.0198692
5.65706
5.65706
5.65707
5.65708
5.65709
5.65711
5.65713
5.65715
5.65717
5.65718
5.65718
5.65717
5.65713
5.65707
5.65696
5.6568
5.65656
5.65622
5.65575
5.6551
5.65424
5.65308
5.65156
5.64959
5.64703
5.64377
5.63965
5.63449
5.62813
5.6204
5.61118
5.60041
5.58816
5.57462
5.56023
5.54553
5.53125
5.5181
5.50663
5.49718
5.48979
5.48441
5.48084
5.47884
5.4781
5.47835
5.47928
5.48064
5.48219
5.4837
5.48496
5.48577
5.48597
5.48538
5.48385
5.48127
5.47752
5.47254
5.4664
5.45924
5.45153
5.44377
5.43735
5.43345
5.43542
5.44534
5.46974
5.50557
5.57109
5.61893
5.71823
5.55531
-0.0578407
-0.0491258
-0.0484103
-0.0493724
-0.0473871
-0.0427857
-0.0368123
-0.022674
-0.0193628
5.65722
5.65722
5.65724
5.65726
5.65728
5.65731
5.65734
5.65738
5.65742
5.65745
5.65748
5.6575
5.65751
5.65749
5.65743
5.65732
5.65714
5.65687
5.65647
5.65591
5.65513
5.65407
5.65265
5.65077
5.64832
5.64514
5.64107
5.63594
5.62955
5.62171
5.61228
5.60118
5.58848
5.57435
5.55926
5.5438
5.52878
5.51497
5.50301
5.49321
5.4856
5.48013
5.47656
5.47461
5.47397
5.47431
5.47535
5.47679
5.4784
5.47994
5.4812
5.48199
5.48212
5.48145
5.47982
5.47712
5.47325
5.46816
5.4619
5.4546
5.4467
5.43868
5.43178
5.4271
5.42759
5.43495
5.45504
5.48415
5.53828
5.56943
5.63609
5.4082
-0.0643411
-0.0542323
-0.0526978
-0.05218
-0.0497361
-0.0448419
-0.0383392
-0.0241454
-0.0188272
5.65739
5.65739
5.65741
5.65743
5.65747
5.65751
5.65756
5.65761
5.65767
5.65773
5.65779
5.65784
5.65788
5.6579
5.6579
5.65784
5.65773
5.65753
5.65721
5.65673
5.65605
5.65509
5.65377
5.652
5.64965
5.64656
5.64256
5.63746
5.63105
5.62311
5.61348
5.60205
5.58887
5.57411
5.55829
5.54201
5.52619
5.51169
5.49921
5.48904
5.48123
5.47568
5.47213
5.47026
5.46974
5.47021
5.47136
5.47291
5.47459
5.47617
5.47745
5.47822
5.47831
5.47756
5.47584
5.47303
5.46904
5.46382
5.45742
5.44996
5.44183
5.43347
5.42598
5.42032
5.41907
5.42352
5.43867
5.46017
5.5014
5.51464
5.54423
5.24155
-0.0722023
-0.0599393
-0.0569914
-0.0551529
-0.0522241
-0.0469909
-0.0399478
-0.0256476
-0.0182667
5.65755
5.65755
5.65758
5.65761
5.65765
5.6577
5.65777
5.65784
5.65792
5.658
5.65809
5.65818
5.65826
5.65832
5.65837
5.65837
5.65832
5.65819
5.65795
5.65756
5.65698
5.65612
5.65492
5.65327
5.65102
5.64804
5.64413
5.63907
5.63265
5.62462
5.61479
5.60301
5.58934
5.57392
5.55731
5.54016
5.52348
5.50824
5.49521
5.48468
5.47667
5.47107
5.46756
5.46579
5.46541
5.46603
5.46733
5.46899
5.47077
5.47241
5.47372
5.47449
5.47454
5.47373
5.47192
5.469
5.46489
5.45954
5.45299
5.44534
5.43693
5.42816
5.41997
5.41318
5.40996
5.41113
5.4208
5.43382
5.46059
5.45403
5.44738
5.06138
-0.0816256
-0.0659753
-0.0612067
-0.0582018
-0.0547569
-0.0491635
-0.0415776
-0.0271421
-0.0176831
5.65771
5.65772
5.65774
5.65778
5.65783
5.6579
5.65798
5.65807
5.65817
5.65828
5.6584
5.65852
5.65864
5.65875
5.65884
5.6589
5.65892
5.65886
5.65871
5.65841
5.65793
5.65719
5.6561
5.65457
5.65245
5.64958
5.64577
5.64077
5.63436
5.62624
5.61622
5.60409
5.58991
5.57378
5.55632
5.53823
5.52063
5.5046
5.49101
5.4801
5.47191
5.46626
5.46282
5.46119
5.46097
5.46177
5.46324
5.46505
5.46693
5.46866
5.47
5.47078
5.47082
5.46994
5.46805
5.46504
5.46081
5.45532
5.4486
5.44073
5.43201
5.42276
5.41378
5.40573
5.40033
5.39797
5.40174
5.40566
5.41691
5.38837
5.35678
4.85274
-0.0928735
-0.0721688
-0.0653182
-0.0612374
-0.0572429
-0.0512754
-0.0431505
-0.0285725
-0.017075
5.65787
5.65788
5.65791
5.65796
5.65802
5.65809
5.65819
5.6583
5.65842
5.65855
5.6587
5.65886
5.65901
5.65917
5.65931
5.65944
5.65952
5.65954
5.65947
5.65927
5.65889
5.65827
5.65731
5.65591
5.65393
5.65119
5.64748
5.64257
5.63617
5.62798
5.61777
5.60529
5.59057
5.5737
5.55534
5.53623
5.51762
5.50076
5.48657
5.47529
5.46692
5.46127
5.45792
5.45646
5.45644
5.45744
5.4591
5.46107
5.46309
5.46491
5.46631
5.4671
5.46713
5.46621
5.46424
5.46113
5.45679
5.45116
5.44425
5.43615
5.42708
5.4173
5.40746
5.39803
5.39032
5.38424
5.38189
5.37655
5.37238
5.32295
5.25894
4.89404
4.23101
-0.105032
-0.077681
-0.0692536
-0.0641728
-0.0595851
-0.0532319
-0.0445815
-0.0298688
-0.0164405
5.65803
5.65804
5.65808
5.65813
5.6582
5.65829
5.6584
5.65852
5.65867
5.65883
5.659
5.65919
5.65939
5.65959
5.65979
5.65997
5.66012
5.66022
5.66024
5.66014
5.65988
5.65938
5.65855
5.65729
5.65545
5.65286
5.64928
5.64445
5.63809
5.62985
5.61946
5.60662
5.59135
5.57369
5.55436
5.53414
5.51445
5.4967
5.48188
5.47023
5.4617
5.45607
5.45286
5.45159
5.4518
5.45304
5.45491
5.45707
5.45924
5.46117
5.46264
5.46347
5.4635
5.46254
5.4605
5.4573
5.45284
5.44706
5.43997
5.43161
5.42216
5.41181
5.40105
5.39015
5.38003
5.37015
5.3616
5.3472
5.32792
5.26198
5.14295
4.83135
3.61431
-0.798972
-0.786305
-0.11716
-0.0822389
-0.0729018
-0.0668367
-0.0616498
-0.05493
-0.0457868
-0.0309588
-0.0157819
5.65819
5.6582
5.65824
5.6583
5.65838
5.65848
5.6586
5.65875
5.65891
5.6591
5.65931
5.65953
5.65977
5.66002
5.66027
5.66051
5.66073
5.66091
5.66102
5.66103
5.66088
5.6605
5.65982
5.65871
5.65703
5.65459
5.65115
5.64644
5.64013
5.63185
5.62129
5.60809
5.59225
5.57374
5.55338
5.53196
5.5111
5.49239
5.47693
5.4649
5.45624
5.45065
5.44761
5.44659
5.44706
5.44856
5.45068
5.45305
5.45539
5.45744
5.459
5.45987
5.45991
5.45893
5.45683
5.45354
5.44896
5.44303
5.43575
5.42711
5.41726
5.4063
5.39457
5.38215
5.36957
5.35585
5.34112
5.31788
5.2836
5.20255
5.03878
4.7071
3.42493
-0.807844
-0.756316
-0.14985
-0.11218
-0.0871553
-0.0760443
-0.0690034
-0.063309
-0.0562811
-0.0467001
-0.0317857
-0.0150928
5.65835
5.65836
5.6584
5.65847
5.65856
5.65867
5.65881
5.65897
5.65916
5.65937
5.65961
5.65987
5.66015
5.66044
5.66075
5.66105
5.66134
5.66161
5.66181
5.66192
5.66189
5.66165
5.66111
5.66017
5.65865
5.65638
5.65311
5.64853
5.6423
5.63399
5.62328
5.60972
5.59329
5.57389
5.55242
5.52968
5.50754
5.48782
5.47167
5.45928
5.45051
5.44501
5.44218
5.44144
5.44222
5.44402
5.4464
5.44901
5.45154
5.45374
5.4554
5.45633
5.45638
5.45538
5.45323
5.44985
5.44516
5.43908
5.43159
5.42268
5.4124
5.40081
5.38809
5.37411
5.35903
5.34148
5.32062
5.28866
5.23949
5.14109
4.93903
4.55671
3.27702
-0.892556
-0.817509
-0.731756
-0.184769
-0.117812
-0.092099
-0.0783591
-0.0706197
-0.0645151
-0.0572403
-0.0472766
-0.032335
-0.0143433
5.65851
5.65852
5.65857
5.65864
5.65874
5.65886
5.65901
5.65919
5.6594
5.65964
5.65991
5.6602
5.66052
5.66086
5.66122
5.66159
5.66196
5.6623
5.6626
5.66282
5.66291
5.66282
5.66244
5.66166
5.66033
5.65824
5.65515
5.65072
5.64459
5.63629
5.62543
5.61151
5.59448
5.57413
5.55147
5.52729
5.50377
5.48294
5.4661
5.45335
5.4445
5.43914
5.43656
5.43614
5.43727
5.4394
5.44209
5.44496
5.4477
5.45006
5.45184
5.45284
5.45292
5.45191
5.4497
5.44625
5.44145
5.43522
5.42752
5.41831
5.40761
5.39537
5.38163
5.36609
5.34852
5.3272
5.30031
5.25981
5.19616
5.07952
4.8421
4.4299
3.03302
-0.936001
-0.807832
-0.71225
-0.200787
-0.123547
-0.0957492
-0.0801045
-0.0717665
-0.0652815
-0.0577969
-0.047498
-0.0326022
-0.0134944
5.65866
5.65867
5.65873
5.6588
5.65891
5.65905
5.65921
5.65941
5.65964
5.65991
5.6602
5.66053
5.66089
5.66128
5.6617
5.66213
5.66257
5.663
5.6634
5.66373
5.66395
5.664
5.66378
5.66319
5.66205
5.66017
5.65728
5.65302
5.64702
5.63875
5.62777
5.61349
5.59584
5.57448
5.55054
5.52479
5.49974
5.47774
5.46017
5.44708
5.43819
5.43301
5.43075
5.4307
5.43221
5.43472
5.43775
5.4409
5.44388
5.44642
5.44832
5.4494
5.44952
5.44851
5.44626
5.44273
5.43782
5.43145
5.42354
5.41404
5.40289
5.38999
5.37524
5.35814
5.33814
5.31313
5.28043
5.23174
5.15464
5.02154
4.755
4.31953
3.14028
2.13614
-0.962132
-0.813473
-0.708115
-0.493317
-0.211213
-0.128461
-0.0983984
-0.0813856
-0.0724563
-0.0656073
-0.0579371
-0.0473548
-0.0325678
-0.0125475
5.65881
5.65883
5.65888
5.65897
5.65908
5.65923
5.65941
5.65963
5.65988
5.66017
5.6605
5.66086
5.66127
5.6617
5.66217
5.66267
5.66318
5.6637
5.6642
5.66465
5.665
5.6652
5.66516
5.66475
5.66382
5.66216
5.65949
5.65544
5.64959
5.64137
5.63031
5.61568
5.59738
5.57495
5.54963
5.52215
5.49544
5.47218
5.45385
5.44045
5.43156
5.42662
5.42473
5.42511
5.42706
5.42998
5.43337
5.43684
5.44007
5.44281
5.44485
5.44603
5.44619
5.44519
5.44291
5.43932
5.43431
5.42778
5.41967
5.40986
5.39828
5.38472
5.36897
5.35035
5.32798
5.29944
5.26124
5.20487
5.11567
4.96856
4.68253
4.22831
3.19046
1.39616
-1.24617
-0.971117
-0.821786
-0.713667
-0.448726
-0.325711
-0.213282
-0.132565
-0.100224
-0.0820715
-0.0726332
-0.0654756
-0.0576492
-0.0468485
-0.0322203
-0.0115212
5.65896
5.65898
5.65904
5.65913
5.65925
5.65941
5.65961
5.65985
5.66012
5.66043
5.66079
5.66119
5.66163
5.66212
5.66265
5.66321
5.6638
5.6644
5.665
5.66557
5.66606
5.66642
5.66655
5.66635
5.66564
5.66422
5.66179
5.65797
5.65231
5.64418
5.63305
5.61808
5.59914
5.57557
5.54877
5.51937
5.49082
5.46622
5.4471
5.43342
5.42459
5.41995
5.4185
5.41937
5.42181
5.42518
5.42897
5.43278
5.43629
5.43924
5.44144
5.44273
5.44295
5.44196
5.43966
5.43601
5.4309
5.42423
5.41591
5.4058
5.39379
5.37959
5.36285
5.34277
5.31814
5.28627
5.24294
5.17949
5.07954
4.92002
4.61994
4.15931
3.12559
1.50067
0.201871
-1.27588
-0.959445
-0.822896
-0.693733
-0.417279
-0.337185
-0.210036
-0.134794
-0.101084
-0.0821503
-0.0722999
-0.0648921
-0.056933
-0.0459898
-0.031557
-0.0104533
5.65911
5.65913
5.65919
5.65929
5.65942
5.65959
5.65981
5.66006
5.66035
5.66069
5.66108
5.66151
5.662
5.66253
5.66312
5.66374
5.66441
5.6651
5.66581
5.6665
5.66713
5.66765
5.66797
5.66797
5.66751
5.66634
5.66418
5.66062
5.65518
5.64718
5.63601
5.62073
5.60113
5.57634
5.54795
5.51643
5.48586
5.4598
5.43988
5.42596
5.41726
5.413
5.41206
5.41348
5.41646
5.42033
5.42456
5.42874
5.43254
5.43573
5.4381
5.43951
5.43979
5.43882
5.43651
5.4328
5.4276
5.42079
5.41227
5.40188
5.38943
5.37462
5.35694
5.33546
5.30871
5.27373
5.22571
5.15583
5.04639
4.87557
4.56378
4.08947
3.04916
1.68944
-0.526531
-1.80459
-1.30342
-0.96328
-0.819941
-0.672848
-0.401205
-0.298332
-0.525055
-0.350502
-0.211851
-0.13644
-0.101341
-0.0817922
-0.071542
-0.0639059
-0.0558165
-0.044808
-0.0305901
-0.00939877
5.65926
5.65927
5.65934
5.65945
5.65959
5.65977
5.66
5.66027
5.66058
5.66095
5.66136
5.66183
5.66236
5.66294
5.66358
5.66428
5.66502
5.6658
5.66661
5.66743
5.6682
5.66889
5.6694
5.66963
5.66941
5.66853
5.66666
5.66339
5.65821
5.65037
5.63922
5.62363
5.60339
5.5773
5.5472
5.5133
5.48051
5.45287
5.43215
5.41804
5.40954
5.40576
5.40541
5.40745
5.41103
5.41545
5.42015
5.42472
5.42884
5.43228
5.43484
5.43638
5.43674
5.43579
5.43347
5.42971
5.42442
5.41748
5.40875
5.39808
5.38524
5.36983
5.35127
5.32848
5.29977
5.26195
5.20969
5.13405
5.01637
4.83549
4.51392
4.02569
3.02286
1.68175
-0.461345
-1.02755
-2.23174
-2.33201
-1.77797
-1.25002
-0.958091
-0.815027
-0.662978
-0.407808
-0.322694
-0.405945
-0.610871
-0.657183
-0.515939
-0.335127
-0.209957
-0.137117
-0.101162
-0.08113
-0.070447
-0.0625769
-0.0543407
-0.0433458
-0.0293406
-0.00842154
5.6594
5.65942
5.65949
5.6596
5.65975
5.65995
5.66019
5.66047
5.66081
5.6612
5.66165
5.66215
5.66272
5.66335
5.66404
5.6648
5.66563
5.6665
5.66742
5.66836
5.66928
5.67014
5.67085
5.67132
5.67137
5.67077
5.66923
5.66628
5.6614
5.65377
5.64268
5.62682
5.60593
5.57846
5.54652
5.50998
5.47472
5.44538
5.42384
5.40962
5.40142
5.39821
5.39854
5.40129
5.40553
5.41053
5.41574
5.42074
5.42521
5.42891
5.43167
5.43334
5.43378
5.43287
5.43055
5.42675
5.42137
5.4143
5.40539
5.39445
5.38122
5.36525
5.34587
5.32188
5.29139
5.25102
5.19501
5.1143
4.98962
4.80015
4.47152
3.97569
3.0227
1.65804
-0.210951
-1.09291
-2.1462
-2.17018
-1.6436
-1.21473
-0.951397
-0.80773
-0.653216
-0.420789
-0.340433
-0.433503
-0.6004
-0.612308
-0.475646
-0.323241
-0.208337
-0.137275
-0.100727
-0.0802691
-0.0690997
-0.0609703
-0.0525546
-0.0416563
-0.0278399
-0.00759195
5.65954
5.65956
5.65963
5.65975
5.65991
5.66012
5.66037
5.66068
5.66103
5.66145
5.66192
5.66246
5.66307
5.66375
5.6645
5.66533
5.66623
5.66719
5.66822
5.66929
5.67036
5.6714
5.67232
5.67303
5.67336
5.67308
5.67188
5.66929
5.66476
5.6574
5.64642
5.63032
5.60879
5.57986
5.54594
5.50642
5.46842
5.43724
5.4149
5.40066
5.39287
5.39035
5.39147
5.39499
5.39996
5.40561
5.41136
5.41681
5.42164
5.42562
5.4286
5.43042
5.43094
5.43007
5.42775
5.42392
5.41847
5.41127
5.40218
5.39099
5.37739
5.3609
5.34077
5.3157
5.28362
5.24101
5.18176
5.09672
4.96626
4.76975
4.43637
3.93744
3.0216
1.71152
-0.0167409
-1.04074
-2.0079
-2.04734
-1.58082
-1.19419
-0.944597
-0.798088
-0.642285
-0.430149
-0.356686
-0.448438
-0.586164
-0.584492
-0.457599
-0.316547
-0.207181
-0.13729
-0.100197
-0.0792704
-0.0675656
-0.0591394
-0.0505056
-0.0397915
-0.0261215
-0.00698128
5.65968
5.65969
5.65978
5.6599
5.66007
5.66028
5.66055
5.66087
5.66125
5.66169
5.6622
5.66277
5.66342
5.66414
5.66495
5.66584
5.66682
5.66788
5.66902
5.67021
5.67144
5.67266
5.6738
5.67476
5.67538
5.67544
5.67462
5.67243
5.66829
5.66125
5.65044
5.63416
5.61201
5.58153
5.54548
5.50261
5.46155
5.42838
5.40527
5.39112
5.38389
5.38219
5.3842
5.38859
5.39435
5.40068
5.40702
5.41294
5.41815
5.42244
5.42563
5.42761
5.42823
5.42739
5.42509
5.42123
5.4157
5.40839
5.39914
5.38771
5.37378
5.35681
5.336
5.30997
5.27651
5.23198
5.17001
5.08139
4.9463
4.74422
4.40783
3.90733
3.02231
1.78145
0.161737
-0.91447
-1.84395
-1.93654
-1.53101
-1.17516
-0.937537
-0.787343
-0.63162
-0.437846
-0.37211
-0.45365
-0.569153
-0.563438
-0.443612
-0.310613
-0.206129
-0.137484
-0.099639
-0.0781312
-0.0658684
-0.0571163
-0.0482378
-0.0377964
-0.0242224
-0.00665527
5.65981
5.65983
5.65991
5.66004
5.66022
5.66045
5.66073
5.66107
5.66147
5.66193
5.66246
5.66307
5.66376
5.66453
5.6654
5.66636
5.66741
5.66857
5.66981
5.67114
5.67252
5.67393
5.67529
5.67651
5.67744
5.67786
5.67744
5.67569
5.672
5.66534
5.65478
5.63836
5.61564
5.5835
5.54518
5.49849
5.45403
5.41869
5.39486
5.38098
5.37445
5.37373
5.37675
5.3821
5.38871
5.39578
5.40274
5.40916
5.41477
5.41936
5.42279
5.42492
5.42564
5.42485
5.42257
5.41869
5.4131
5.40568
5.39627
5.38462
5.37038
5.353
5.33159
5.30473
5.2701
5.22398
5.15982
5.06835
4.92975
4.72348
4.38543
3.88424
3.02766
1.84124
0.310345
-0.763386
-1.6745
-1.81705
-1.48061
-1.15549
-0.930152
-0.776646
-0.622133
-0.445131
-0.385562
-0.454996
-0.549624
-0.541449
-0.429582
-0.30428
-0.204579
-0.137738
-0.0991908
-0.0768472
-0.0639832
-0.0548903
-0.0457837
-0.0356982
-0.0221804
-0.00667094
5.65994
5.65996
5.66005
5.66018
5.66037
5.66061
5.6609
5.66126
5.66168
5.66216
5.66273
5.66337
5.66409
5.66491
5.66583
5.66686
5.66799
5.66924
5.6706
5.67206
5.6736
5.6752
5.67678
5.67828
5.67953
5.68032
5.68034
5.67907
5.67588
5.66967
5.65945
5.64296
5.61971
5.58583
5.54506
5.49404
5.44575
5.40808
5.38361
5.37018
5.36457
5.36499
5.36915
5.37555
5.38308
5.39093
5.39853
5.40548
5.4115
5.41641
5.42008
5.42238
5.42319
5.42246
5.42021
5.4163
5.41066
5.40314
5.39359
5.38174
5.36723
5.34947
5.32755
5.3
5.26443
5.21705
5.15121
5.05764
4.91659
4.70743
4.36888
3.86759
3.03567
1.88744
0.431967
-0.619755
-1.5107
-1.69592
-1.42898
-1.13599
-0.922369
-0.766485
-0.613969
-0.452057
-0.3968
-0.453193
-0.527979
-0.51745
-0.414785
-0.297345
-0.202221
-0.137321
-0.0985958
-0.0755749
-0.0618965
-0.0524075
-0.0431623
-0.0334925
-0.0200289
-0.00708293
5.66007
5.66009
5.66018
5.66032
5.66051
5.66076
5.66107
5.66144
5.66188
5.66239
5.66298
5.66366
5.66442
5.66529
5.66626
5.66735
5.66857
5.66991
5.67137
5.67297
5.67467
5.67646
5.67828
5.68006
5.68165
5.68284
5.68332
5.68257
5.67995
5.67426
5.66446
5.64799
5.62427
5.58856
5.54518
5.48919
5.4366
5.39639
5.37142
5.35871
5.35425
5.35599
5.36142
5.36896
5.37747
5.38615
5.39442
5.40191
5.40837
5.41361
5.41751
5.41998
5.42089
5.42023
5.418
5.41408
5.40839
5.40078
5.3911
5.37908
5.36432
5.34625
5.32391
5.2958
5.2595
5.2112
5.14422
5.04926
4.9068
4.696
4.35797
3.85694
3.04464
1.92074
0.529573
-0.504375
-1.3568
-1.58265
-1.37718
-1.11716
-0.9138
-0.756862
-0.607008
-0.458183
-0.405407
-0.447889
-0.504686
-0.49182
-0.398463
-0.289249
-0.198933
-0.135919
-0.0972862
-0.0740392
-0.0596058
-0.0496463
-0.0403666
-0.0311457
-0.0177712
-0.00793996
5.66019
5.66021
5.66031
5.66045
5.66066
5.66092
5.66124
5.66162
5.66208
5.66261
5.66323
5.66394
5.66474
5.66566
5.66669
5.66784
5.66913
5.67056
5.67214
5.67387
5.67574
5.67772
5.67978
5.68184
5.68378
5.68539
5.68637
5.68619
5.68419
5.67912
5.66984
5.65348
5.62939
5.59175
5.54558
5.48389
5.42646
5.38349
5.35822
5.34658
5.34351
5.34677
5.35361
5.36237
5.37192
5.38146
5.39044
5.39849
5.40538
5.41095
5.41511
5.41774
5.41874
5.41817
5.41597
5.41204
5.40629
5.39861
5.38881
5.37663
5.36167
5.34333
5.32066
5.29214
5.25534
5.20646
5.13883
5.04322
4.90032
4.68916
4.35251
3.85203
3.05355
1.94223
0.599965
-0.425993
-1.22135
-1.47959
-1.32864
-1.09844
-0.904481
-0.747583
-0.60078
-0.46281
-0.410715
-0.439136
-0.47998
-0.464599
-0.380057
-0.279419
-0.194236
-0.133476
-0.0951707
-0.0717021
-0.0569085
-0.0466819
-0.0372726
-0.0287101
-0.0154206
-0.00917016
5.66031
5.66033
5.66043
5.66058
5.66079
5.66106
5.6614
5.6618
5.66227
5.66283
5.66347
5.66421
5.66506
5.66601
5.6671
5.66832
5.66968
5.67121
5.6729
5.67476
5.67679
5.67897
5.68127
5.68363
5.68593
5.68798
5.68948
5.68992
5.6886
5.68424
5.6756
5.65948
5.63512
5.59547
5.54633
5.47805
5.41517
5.36921
5.34392
5.33376
5.3324
5.3374
5.34576
5.35583
5.36648
5.37691
5.38661
5.39523
5.40256
5.40847
5.41287
5.41566
5.41676
5.41627
5.4141
5.41016
5.40438
5.39663
5.38673
5.37441
5.35928
5.34073
5.31782
5.28903
5.25194
5.20281
5.13505
5.03951
4.89716
4.6868
4.35239
3.85273
3.06197
1.95237
0.64197
-0.380851
-1.12152
-1.38498
-1.28497
-1.08026
-0.894592
-0.738344
-0.594668
-0.465229
-0.412148
-0.427105
-0.453776
-0.435735
-0.359399
-0.267388
-0.187695
-0.129628
-0.0920182
-0.0686249
-0.0535871
-0.0434067
-0.0338162
-0.0262738
-0.0129903
-0.0106095
5.66043
5.66045
5.66055
5.66071
5.66093
5.66121
5.66155
5.66197
5.66246
5.66304
5.66371
5.66448
5.66536
5.66636
5.6675
5.66878
5.67022
5.67184
5.67364
5.67563
5.67783
5.68021
5.68276
5.68542
5.6881
5.6906
5.69266
5.69375
5.69319
5.68962
5.68176
5.66601
5.64153
5.5998
5.5475
5.4716
5.40252
5.35334
5.3285
5.32032
5.321
5.32793
5.33792
5.34938
5.36117
5.37252
5.38296
5.39215
5.39992
5.40617
5.41081
5.41374
5.41496
5.41456
5.41242
5.40847
5.40266
5.39484
5.38485
5.37242
5.35716
5.33845
5.31538
5.28645
5.2493
5.20024
5.13284
5.03809
4.89725
4.68896
4.35751
3.85908
3.07009
1.95053
0.656028
-0.366838
-1.06507
-1.30024
-1.24682
-1.06343
-0.884123
-0.729147
-0.587998
-0.464817
-0.409407
-0.41184
-0.425907
-0.405295
-0.336494
-0.252898
-0.179003
-0.124079
-0.0876183
-0.0646592
-0.049591
-0.0396864
-0.0300857
-0.0237387
-0.0104886
-0.0121847
5.66054
5.66056
5.66067
5.66083
5.66105
5.66134
5.6617
5.66213
5.66265
5.66324
5.66394
5.66474
5.66566
5.6667
5.66789
5.66923
5.67075
5.67246
5.67437
5.67649
5.67885
5.68143
5.68423
5.6872
5.69026
5.69324
5.69588
5.69768
5.69795
5.69529
5.68833
5.67313
5.6487
5.60483
5.54921
5.46443
5.38828
5.33566
5.31195
5.30638
5.3094
5.31843
5.33018
5.34308
5.35604
5.36833
5.3795
5.38927
5.39748
5.40406
5.40892
5.41199
5.41335
5.41303
5.41091
5.40697
5.40112
5.39325
5.38318
5.37066
5.35529
5.33649
5.31334
5.2844
5.24739
5.19872
5.13217
5.0389
4.90052
4.69558
4.36798
3.87125
3.07789
1.93543
0.642092
-0.384295
-1.04635
-1.23385
-1.21502
-1.04829
-0.873496
-0.719703
-0.580254
-0.461272
-0.402423
-0.393332
-0.396362
-0.373439
-0.311351
-0.235863
-0.167999
-0.116661
-0.0818353
-0.0596674
-0.0448875
-0.0354411
-0.0260822
-0.0210132
-0.00794452
-0.0137975
5.66064
5.66067
5.66078
5.66095
5.66118
5.66148
5.66185
5.66229
5.66282
5.66344
5.66416
5.66499
5.66594
5.66703
5.66827
5.66967
5.67126
5.67306
5.67508
5.67734
5.67985
5.68264
5.68569
5.68897
5.69242
5.69589
5.69914
5.70169
5.70287
5.70122
5.69533
5.68086
5.65669
5.61067
5.55158
5.45641
5.37214
5.31602
5.2943
5.29206
5.29769
5.30901
5.32258
5.33699
5.35114
5.36437
5.37628
5.38661
5.39526
5.40215
5.40721
5.41043
5.41194
5.41168
5.40959
5.40564
5.39977
5.39185
5.38172
5.36912
5.35369
5.33483
5.31169
5.28286
5.24618
5.19821
5.13296
5.04187
4.90692
4.70664
4.38382
3.88951
3.08565
1.90587
0.599207
-0.434172
-1.05764
-1.19352
-1.1896
-1.03479
-0.862943
-0.709703
-0.571104
-0.45458
-0.391322
-0.371728
-0.365272
-0.340297
-0.284066
-0.216354
-0.154678
-0.10731
-0.0745839
-0.0535885
-0.0394268
-0.0306544
-0.0217734
-0.0180825
-0.00536375
-0.0153058
5.66075
5.66078
5.66089
5.66106
5.6613
5.6616
5.66198
5.66244
5.66299
5.66363
5.66438
5.66523
5.66622
5.66735
5.66864
5.6701
5.67176
5.67364
5.67577
5.67816
5.68084
5.68382
5.68712
5.69072
5.69457
5.69855
5.70244
5.70578
5.70794
5.70742
5.70276
5.68925
5.6656
5.61744
5.55478
5.44738
5.3537
5.29437
5.27577
5.27752
5.28598
5.29976
5.31523
5.33116
5.34651
5.36067
5.37329
5.38418
5.39325
5.40044
5.40567
5.40909
5.41071
5.41051
5.40845
5.4045
5.3986
5.39064
5.38046
5.36781
5.35233
5.33346
5.3104
5.2818
5.24564
5.19864
5.13515
5.0469
4.91635
4.7221
4.40519
3.91444
3.09329
1.8602
0.52574
-0.518868
-1.09601
-1.1811
-1.17089
-1.02335
-0.852594
-0.698868
-0.560342
-0.44468
-0.376463
-0.347326
-0.332858
-0.305954
-0.2549
-0.194574
-0.139151
-0.0960658
-0.0658589
-0.046415
-0.0331991
-0.0253237
-0.0171591
-0.0149278
-0.00278044
-0.0165362
5.66085
5.66088
5.66099
5.66117
5.66141
5.66173
5.66212
5.66259
5.66315
5.66381
5.66458
5.66547
5.66649
5.66766
5.66899
5.67051
5.67224
5.67421
5.67644
5.67896
5.6818
5.68498
5.68853
5.69245
5.69671
5.7012
5.70575
5.70993
5.71314
5.71387
5.71063
5.69834
5.6755
5.62528
5.55902
5.43715
5.33255
5.27065
5.25651
5.26294
5.2744
5.2908
5.30819
5.32565
5.34218
5.35725
5.37058
5.382
5.39146
5.39889
5.40434
5.40795
5.40967
5.40952
5.40748
5.40354
5.39762
5.38962
5.3794
5.36671
5.35121
5.33238
5.30946
5.2812
5.24572
5.19994
5.13863
5.05386
4.92869
4.74192
4.43218
3.94659
3.10071
1.79597
0.419103
-0.641679
-1.16316
-1.19247
-1.15815
-1.01459
-0.84379
-0.687711
-0.547804
-0.431525
-0.358179
-0.320579
-0.299293
-0.270544
-0.22421
-0.170818
-0.121631
-0.083069
-0.0557357
-0.0381996
-0.0262362
-0.0194729
-0.0122658
-0.0115409
-0.000213054
-0.0173369
5.66094
5.66097
5.66109
5.66127
5.66152
5.66184
5.66224
5.66273
5.66331
5.66399
5.66478
5.66569
5.66674
5.66795
5.66933
5.67091
5.67271
5.67476
5.67709
5.67973
5.68273
5.68611
5.68991
5.69415
5.69881
5.70384
5.70907
5.71413
5.71845
5.72057
5.71894
5.70816
5.68649
5.63436
5.56454
5.42548
5.30858
5.24485
5.23674
5.24849
5.26312
5.28224
5.30154
5.32051
5.33818
5.35413
5.36813
5.38007
5.38987
5.39754
5.40324
5.40699
5.4088
5.40871
5.40669
5.40275
5.39681
5.38878
5.37853
5.36581
5.35033
5.33156
5.30885
5.281
5.24636
5.20204
5.14329
5.0626
4.94377
4.76593
4.46492
3.98667
3.10737
1.71017
0.275443
-0.806103
-1.2615
-1.21943
-1.15176
-1.00813
-0.836046
-0.677199
-0.534984
-0.415999
-0.336841
-0.29186
-0.264577
-0.234324
-0.192318
-0.145465
-0.102412
-0.0685339
-0.0443622
-0.0290438
-0.0186121
-0.0131641
-0.00713688
-0.00792054
0.00230005
-0.0175745
5.66103
5.66106
5.66118
5.66137
5.66162
5.66195
5.66237
5.66286
5.66346
5.66415
5.66496
5.6659
5.66699
5.66823
5.66966
5.67129
5.67315
5.67528
5.67771
5.68048
5.68363
5.6872
5.69125
5.69581
5.70088
5.70644
5.71237
5.71836
5.72387
5.7275
5.72768
5.71875
5.69865
5.64488
5.57159
5.41214
5.28191
5.21698
5.21689
5.23438
5.2523
5.27419
5.29534
5.31578
5.33454
5.35134
5.36597
5.37836
5.38846
5.39642
5.40234
5.40622
5.40811
5.40806
5.40606
5.40212
5.39616
5.38812
5.37783
5.36511
5.34965
5.33099
5.30852
5.28117
5.24749
5.20484
5.149
5.07293
4.9614
4.794
4.50353
4.03552
3.11239
1.59898
0.0889877
-1.01518
-1.3911
-1.25499
-1.15253
-1.00353
-0.82788
-0.666651
-0.521727
-0.399405
-0.314364
-0.262617
-0.229075
-0.197534
-0.159499
-0.118875
-0.0818151
-0.0527141
-0.0319376
-0.0190843
-0.0104448
-0.00647363
-0.00184173
-0.00407136
0.00470872
-0.0171322
5.66112
5.66115
5.66127
5.66146
5.66172
5.66206
5.66248
5.66299
5.6636
5.66431
5.66514
5.66611
5.66722
5.6685
5.66997
5.67165
5.67358
5.67578
5.67831
5.68119
5.68449
5.68826
5.69255
5.69742
5.7029
5.70901
5.71566
5.7226
5.72936
5.73463
5.73683
5.73013
5.71204
5.65707
5.58031
5.397
5.25265
5.18717
5.19738
5.22087
5.2421
5.26675
5.28965
5.31148
5.33127
5.34886
5.36407
5.37684
5.38728
5.39554
5.40162
5.40561
5.40757
5.40757
5.40559
5.40164
5.39567
5.38761
5.37731
5.36458
5.34916
5.33063
5.30845
5.28166
5.24904
5.20822
5.15559
5.08464
4.98135
4.82589
4.54815
4.09379
3.11505
1.45725
-0.147084
-1.26989
-1.54766
-1.29485
-1.15938
-1.00109
-0.82021
-0.655311
-0.506569
-0.38141
-0.291206
-0.232828
-0.194015
-0.161462
-0.126932
-0.0915912
-0.0601561
-0.0358744
-0.0186781
-0.0084726
-0.00184835
0.000509851
0.00356203
-1.73551e-05
0.00698818
-0.0159322
5.6612
5.66123
5.66135
5.66155
5.66181
5.66216
5.66259
5.66311
5.66373
5.66446
5.66531
5.6663
5.66744
5.66875
5.67026
5.67199
5.67398
5.67626
5.67888
5.68188
5.68532
5.68927
5.6938
5.69898
5.70487
5.71152
5.71889
5.72682
5.7349
5.74194
5.74637
5.74232
5.72677
5.67127
5.59076
5.38035
5.22108
5.15591
5.17836
5.20824
5.23264
5.25998
5.28448
5.30764
5.32838
5.34668
5.36237
5.37556
5.38636
5.39483
5.40106
5.40516
5.40719
5.40722
5.40526
5.40131
5.39533
5.38724
5.37693
5.36422
5.34886
5.33046
5.30861
5.28241
5.25094
5.21207
5.16291
5.09749
5.00332
4.86129
4.59871
4.16194
3.11162
1.28602
-0.432842
-1.56261
-1.72187
-1.33435
-1.17161
-1.00088
-0.813287
-0.644244
-0.490929
-0.361645
-0.266086
-0.201992
-0.159686
-0.126402
-0.0947826
-0.0645104
-0.0383816
-0.0187501
-0.00512706
0.00250436
0.00704739
0.00770964
0.00902903
0.00422263
0.0091232
-0.0139388
5.66127
5.6613
5.66143
5.66163
5.6619
5.66225
5.66269
5.66322
5.66386
5.6646
5.66547
5.66648
5.66765
5.66899
5.67054
5.67232
5.67436
5.67671
5.67942
5.68253
5.68611
5.69024
5.695
5.70048
5.70677
5.71396
5.72206
5.731
5.74045
5.74938
5.75627
5.75534
5.74289
5.68789
5.60328
5.36263
5.18764
5.12398
5.15985
5.1967
5.22399
5.25389
5.27984
5.30423
5.32581
5.34474
5.36094
5.37456
5.38563
5.39429
5.40066
5.40485
5.40694
5.40701
5.40506
5.4011
5.39511
5.38701
5.37669
5.36399
5.3487
5.33046
5.30894
5.28337
5.25311
5.21628
5.17078
5.11122
5.02703
4.89981
4.6552
4.24087
3.09763
1.08995
-0.74325
-1.86629
-1.90003
-1.37352
-1.18561
-1.00231
-0.807043
-0.633656
-0.47538
-0.341472
-0.240597
-0.171347
-0.125478
-0.0916705
-0.0630228
-0.0380123
-0.016876
-0.00160927
0.00854896
0.0135143
0.0158423
0.0148073
0.0143061
0.00847621
0.0109846
-0.0112168
5.66134
5.66138
5.66151
5.66171
5.66198
5.66234
5.66279
5.66333
5.66397
5.66473
5.66562
5.66665
5.66784
5.66921
5.6708
5.67262
5.67472
5.67714
5.67993
5.68314
5.68686
5.69116
5.69614
5.70192
5.7086
5.71631
5.72515
5.7351
5.74597
5.75692
5.76648
5.76918
5.76046
5.70739
5.61825
5.34446
5.15334
5.09235
5.14196
5.1864
5.21617
5.24849
5.27571
5.30119
5.32354
5.34309
5.3598
5.37375
5.38507
5.39391
5.4004
5.40467
5.40681
5.40691
5.40496
5.40101
5.39501
5.3869
5.37657
5.36389
5.34867
5.33059
5.30942
5.2845
5.25547
5.22072
5.17904
5.12556
5.0522
4.9409
4.71755
4.33219
3.0954
0.829619
-1.02652
-2.11236
-2.06455
-1.41122
-1.19597
-1.00313
-0.802011
-0.623887
-0.459866
-0.321424
-0.215581
-0.141612
-0.0925591
-0.0584969
-0.0326376
-0.0119484
0.00455012
0.0155731
0.0222609
0.0243909
0.024377
0.0217203
0.0193458
0.0127297
0.0125903
-0.00779499
5.66141
5.66144
5.66157
5.66178
5.66206
5.66242
5.66288
5.66343
5.66408
5.66485
5.66576
5.66681
5.66802
5.66942
5.67104
5.67291
5.67506
5.67754
5.68041
5.68372
5.68756
5.69202
5.69722
5.70327
5.71033
5.71857
5.72812
5.73911
5.75142
5.7645
5.77695
5.78383
5.77951
5.73028
5.63604
5.32608
5.11897
5.06202
5.12505
5.17749
5.20914
5.24368
5.27204
5.29851
5.32161
5.34175
5.35887
5.37312
5.38466
5.39365
5.40025
5.4046
5.40679
5.4069
5.40497
5.40101
5.395
5.38688
5.37655
5.36389
5.34875
5.33083
5.31002
5.28573
5.25794
5.22529
5.1875
5.14024
5.07851
4.98407
4.78615
4.44119
3.1025
0.465757
-1.22946
-2.38048
-2.19937
-1.43444
-1.19896
-1.0029
-0.798998
-0.615749
-0.445127
-0.301836
-0.19134
-0.113301
-0.0616789
-0.0275804
-0.00406343
0.0128958
0.0251426
0.0321936
0.0355648
0.0350565
0.0327782
0.0285423
0.0242273
0.0170282
0.0140275
-0.00371995
5.66147
5.6615
5.66164
5.66184
5.66213
5.6625
5.66296
5.66352
5.66418
5.66497
5.66588
5.66695
5.66819
5.66962
5.67127
5.67317
5.67537
5.67791
5.68085
5.68426
5.68822
5.69283
5.69822
5.70454
5.71196
5.7207
5.73096
5.74296
5.75674
5.77203
5.78759
5.79923
5.8001
5.7571
5.6575
5.30456
5.08383
5.03131
5.10923
5.1699
5.20278
5.2394
5.26883
5.29625
5.32001
5.34065
5.35812
5.37264
5.38437
5.3935
5.4002
5.40462
5.40684
5.40697
5.40505
5.40109
5.39506
5.38694
5.37662
5.36398
5.34891
5.33115
5.31069
5.28701
5.26046
5.22987
5.19599
5.15501
5.10563
5.02875
4.86474
4.58503
2.90819
0.704591
-2.76586
-2.33403
-1.45509
-1.19581
-1.00266
-0.797701
-0.609215
-0.432136
-0.283602
-0.168493
-0.0869225
-0.0332615
0.000803792
0.0223772
0.0360361
0.0444613
0.0479155
0.0482123
0.0452143
0.0408022
0.0349897
0.0287916
0.0211976
0.0152732
0.000834661
5.66152
5.66156
5.66169
5.6619
5.66219
5.66257
5.66303
5.6636
5.66427
5.66507
5.666
5.66708
5.66834
5.66979
5.67147
5.67341
5.67565
5.67825
5.68125
5.68475
5.68882
5.69357
5.69915
5.70572
5.71348
5.72269
5.73362
5.74661
5.76184
5.77941
5.79827
5.81529
5.8222
5.78825
5.68652
5.27724
5.0512
4.99051
5.0898
5.16239
5.19713
5.23567
5.26612
5.29435
5.31867
5.33974
5.35754
5.37229
5.38419
5.39345
5.40023
5.4047
5.40696
5.40711
5.40519
5.40122
5.39519
5.38706
5.37674
5.36413
5.34913
5.33153
5.3114
5.28831
5.26295
5.23437
5.20434
5.16958
5.13307
5.07391
4.95871
4.74434
2.77212
-2.26715
-1.4499
-1.18476
-1.00397
-0.798067
-0.604177
-0.420949
-0.267218
-0.147783
-0.0630072
-0.00759999
0.0264422
0.0462876
0.0570742
0.0621353
0.0624319
0.0599332
0.0546755
0.0483095
0.0409364
0.0330637
0.0250449
0.0164661
0.00571591
5.66157
5.66161
5.66175
5.66196
5.66225
5.66263
5.6631
5.66367
5.66436
5.66516
5.66611
5.6672
5.66848
5.66995
5.67166
5.67363
5.67591
5.67856
5.68162
5.68519
5.68936
5.69425
5.69999
5.70679
5.71486
5.72451
5.73607
5.75
5.76665
5.78649
5.8088
5.83179
5.84592
5.82526
5.72863
5.2722
5.04759
4.92997
5.04624
5.15333
5.19248
5.23262
5.26387
5.29276
5.31755
5.33902
5.35709
5.37205
5.3841
5.39347
5.40032
5.40484
5.40713
5.40729
5.40537
5.4014
5.39537
5.38723
5.37692
5.36432
5.3494
5.33194
5.31213
5.2896
5.26538
5.23869
5.21239
5.18367
5.16007
5.11759
5.05741
4.84642
3.15017
-2.38011
-1.49282
-1.18345
-1.00649
-0.799283
-0.600263
-0.411411
-0.252797
-0.129479
-0.041863
0.0150458
0.0490345
0.0673959
0.0757526
0.0778871
0.0754848
0.0704715
0.0632641
0.055104
0.0463521
0.0370209
0.0284168
0.017713
0.0107585
5.66162
5.66165
5.66179
5.66201
5.6623
5.66268
5.66316
5.66374
5.66443
5.66525
5.6662
5.66731
5.6686
5.6701
5.67183
5.67383
5.67614
5.67883
5.68196
5.6856
5.68985
5.69485
5.70075
5.70775
5.71611
5.72615
5.73828
5.75307
5.77103
5.79306
5.81884
5.84826
5.8716
5.87345
5.76193
5.32142
5.03928
5.15301
5.18997
5.23042
5.26212
5.29148
5.31666
5.33844
5.35675
5.3719
5.38408
5.39353
5.40046
5.40501
5.40732
5.4075
5.40558
5.40161
5.39557
5.38742
5.37712
5.36455
5.3497
5.33237
5.31286
5.29082
5.26769
5.24276
5.21999
5.19702
5.18596
5.16045
5.1601
4.81878
3.84255
-1.4522
-1.17156
-1.00494
-0.799296
-0.596456
-0.403247
-0.240392
-0.113695
-0.0236505
0.0345444
0.068467
0.0856054
0.0919335
0.0916122
0.0869351
0.0797176
0.0708749
0.0610599
0.0512237
0.0405073
0.0315296
0.0186903
0.0157625
5.66166
5.66169
5.66183
5.66205
5.66235
5.66273
5.66321
5.6638
5.66449
5.66532
5.66628
5.66741
5.66871
5.67022
5.67197
5.674
5.67635
5.67908
5.68225
5.68595
5.69028
5.69539
5.70142
5.7086
5.7172
5.72759
5.74021
5.75576
5.77488
5.79889
5.82788
5.8637
5.89794
5.92069
5.74795
5.03745
5.15864
5.18937
5.22884
5.26078
5.29045
5.31596
5.338
5.35651
5.37181
5.3841
5.39363
5.40061
5.4052
5.40754
5.40772
5.40581
5.40183
5.39579
5.38763
5.37734
5.36479
5.35
5.33279
5.31356
5.29197
5.26982
5.24651
5.22701
5.20933
5.21016
5.20387
5.24873
4.84641
-1.42362
-1.14531
-0.998296
-0.797156
-0.592486
-0.396222
-0.230019
-0.100529
-0.00841457
0.0508473
0.0847566
0.100891
0.105604
0.103267
0.0967137
0.0876446
0.0774575
0.0661742
0.0555094
0.0434361
0.0345193
0.0192052
0.020541
5.66169
5.66172
5.66187
5.66208
5.66238
5.66277
5.66326
5.66385
5.66455
5.66538
5.66635
5.66749
5.66881
5.67033
5.6721
5.67415
5.67652
5.67928
5.6825
5.68625
5.69066
5.69584
5.70199
5.70932
5.71813
5.72881
5.74185
5.75803
5.77811
5.80376
5.83542
5.87672
5.91981
5.9612
5.85909
5.04265
5.15241
5.18887
5.22748
5.25974
5.28965
5.31542
5.33768
5.35635
5.37177
5.38416
5.39376
5.40077
5.40539
5.40775
5.40794
5.40603
5.40204
5.396
5.38784
5.37755
5.36503
5.3503
5.33319
5.31422
5.29302
5.27174
5.24987
5.23331
5.22022
5.23175
5.24387
5.32611
5.06816
-1.3708
-1.11859
-0.98973
-0.794002
-0.589014
-0.390757
-0.221836
-0.0899572
0.00390731
0.0640884
0.098003
0.113364
0.116817
0.112861
0.104838
0.0942418
0.0829792
0.0704565
0.0591461
0.0458565
0.0371938
0.0194416
0.0249559
5.66172
5.66175
5.6619
5.66211
5.66242
5.66281
5.6633
5.66389
5.6646
5.66543
5.66641
5.66756
5.66888
5.67042
5.67221
5.67427
5.67667
5.67946
5.68271
5.68651
5.69097
5.69623
5.70247
5.70992
5.7189
5.72981
5.74318
5.75986
5.78067
5.8076
5.84123
5.8868
5.93638
5.99763
5.94359
5.15617
5.18974
5.22665
5.25905
5.2891
5.31505
5.33746
5.35626
5.37177
5.38423
5.39388
5.40093
5.40557
5.40794
5.40814
5.40623
5.40224
5.39619
5.38804
5.37776
5.36525
5.35058
5.33356
5.31481
5.29394
5.27339
5.25272
5.23871
5.22934
5.2495
5.27521
5.39596
5.24549
-1.31575
-1.09681
-0.982426
-0.792848
-0.587685
-0.387463
-0.216027
-0.0819584
0.0134706
0.0744636
0.108432
0.123223
0.125712
0.120517
0.111362
0.0995667
0.0874627
0.0739319
0.0621352
0.0478093
0.0394607
0.0195284
0.0288714
5.66174
5.66178
5.66192
5.66214
5.66244
5.66284
5.66333
5.66392
5.66464
5.66548
5.66646
5.66761
5.66895
5.6705
5.67229
5.67437
5.67679
5.6796
5.68288
5.68671
5.69121
5.69653
5.70285
5.7104
5.7195
5.73059
5.74421
5.76125
5.78259
5.81042
5.84537
5.89406
5.94806
6.02761
6.01164
5.16109
5.19232
5.22683
5.25886
5.28884
5.31485
5.33734
5.35621
5.3718
5.3843
5.39399
5.40108
5.40574
5.40812
5.40831
5.40641
5.40242
5.39637
5.38821
5.37794
5.36545
5.35082
5.33388
5.31531
5.29473
5.27475
5.255
5.24302
5.23662
5.26301
5.29757
5.44904
5.38479
-1.25922
-1.08875
-0.979865
-0.796463
-0.58988
-0.386841
-0.21261
-0.0763921
0.0205252
0.0822508
0.116328
0.13071
0.132497
0.126395
0.116387
0.103692
0.0909552
0.0766375
0.0644978
0.0493213
0.0412947
0.019532
0.0321618
5.66176
5.66179
5.66194
5.66216
5.66246
5.66286
5.66335
5.66395
5.66466
5.66551
5.6665
5.66765
5.66899
5.67055
5.67235
5.67445
5.67688
5.6797
5.683
5.68686
5.6914
5.69676
5.70313
5.71075
5.71995
5.73116
5.74495
5.76223
5.7839
5.81233
5.84805
5.89893
5.95585
6.05022
6.06566
5.1675
5.1951
5.22757
5.25907
5.28883
5.31479
5.3373
5.35621
5.37184
5.38437
5.39409
5.40119
5.40587
5.40825
5.40846
5.40655
5.40256
5.39651
5.38835
5.37808
5.36561
5.35102
5.33413
5.31571
5.29534
5.27581
5.25668
5.24612
5.24209
5.27259
5.31288
5.48549
5.48518
-1.1541
-1.09946
-0.982741
-0.80423
-0.595271
-0.388596
-0.211269
-0.0729181
0.0253386
0.0877415
0.121939
0.136059
0.137363
0.130633
0.120026
0.106686
0.0935072
0.0786159
0.0662441
0.0504225
0.0426812
0.0194919
0.0347323
5.66177
5.6618
5.66195
5.66217
5.66247
5.66287
5.66336
5.66396
5.66468
5.66553
5.66652
5.66768
5.66902
5.67059
5.6724
5.6745
5.67694
5.67977
5.68308
5.68696
5.69152
5.6969
5.70331
5.71098
5.72023
5.73152
5.7454
5.76283
5.78466
5.81342
5.84946
5.90171
5.9601
6.06472
6.10345
5.1727
5.1975
5.22844
5.25945
5.28896
5.31483
5.33731
5.35623
5.37187
5.38443
5.39416
5.40128
5.40596
5.40835
5.40856
5.40665
5.40266
5.3966
5.38845
5.37818
5.36572
5.35116
5.33431
5.316
5.29576
5.27653
5.25776
5.24802
5.24578
5.27866
5.32204
5.50855
5.55278
-1.09793
-0.9888
-0.812797
-0.601679
-0.391573
-0.211337
-0.0711296
0.0282211
0.091196
0.125513
0.139489
0.140494
0.133362
0.122382
0.108622
0.0951717
0.079897
0.0673976
0.0511145
0.0436554
0.0193331
0.0366842
5.66178
5.66181
5.66195
5.66218
5.66248
5.66288
5.66337
5.66397
5.66469
5.66554
5.66653
5.66769
5.66904
5.67061
5.67242
5.67452
5.67697
5.67981
5.68313
5.68701
5.69158
5.69698
5.7034
5.71109
5.72037
5.7317
5.74563
5.76311
5.785
5.81391
5.84992
5.90302
5.96107
6.07213
6.12395
5.17576
5.19928
5.22917
5.25981
5.28912
5.31488
5.33734
5.35624
5.37189
5.38446
5.3942
5.40132
5.40601
5.40841
5.40861
5.40671
5.40272
5.39666
5.38851
5.37824
5.36579
5.35124
5.33442
5.31617
5.296
5.27697
5.25831
5.24903
5.24772
5.28215
5.32485
5.52037
5.59002
-1.08794
-0.994071
-0.818993
-0.606651
-0.39418
-0.211891
-0.0703641
0.0297165
0.0930664
0.127461
0.141362
0.142201
0.134834
0.123663
0.109654
0.0960884
0.080551
0.0680642
0.0513762
0.0444015
0.0187262
0.0386062
)
;

boundaryField
{
    topWall
    {
        type            symmetryPlane;
    }
    inlet
    {
        type            zeroGradient;
    }
    outlet
    {
        type            fixedValue;
        value           uniform 0;
    }
    bottomWall
    {
        type            symmetryPlane;
    }
    front
    {
        type            empty;
    }
    back
    {
        type            empty;
    }
    ribbon
    {
        type            zeroGradient;
    }
}


// ************************************************************************* //
