/*--------------------------------*- C++ -*----------------------------------*\
| =========                 |                                                 |
| \\      /  F ield         | OpenFOAM: The Open Source CFD Toolbox           |
|  \\    /   O peration     | Version:  4.x                                   |
|   \\  /    A nd           | Web:      www.OpenFOAM.org                      |
|    \\/     M anipulation  |                                                 |
\*---------------------------------------------------------------------------*/
FoamFile
{
    version     2.0;
    format      ascii;
    class       volScalarField;
    location    "1262";
    object      T;
}
// * * * * * * * * * * * * * * * * * * * * * * * * * * * * * * * * * * * * * //

dimensions      [0 0 0 1 0 0 0];

internalField   nonuniform List<scalar> 
9089
(
288.15
288.15
288.15
288.15
288.15
288.15
288.15
288.15
288.15
288.15
288.15
288.15
288.15
288.15
288.15
288.15
288.15
288.15
288.15
288.15
288.15
288.15
288.15
288.15
288.15
288.15
288.15
288.15
288.15
288.15
288.15
288.15
288.15
288.15
288.15
288.15
288.15
288.15
288.15
288.15
288.15
288.15
288.15
288.15
288.15
288.15
288.15
288.15
288.15
288.15
288.15
288.15
288.15
288.15
288.15
288.15
288.15
288.15
288.15
288.156
288.207
288.67
292.188
313.397
350.332
340.816
335.348
332.362
331.169
332.024
336.285
347.306
347.715
337.653
333.546
331.695
330.521
329.506
328.429
327.54
326.984
288.15
288.15
288.15
288.15
288.15
288.15
288.15
288.15
288.15
288.15
288.15
288.15
288.15
288.15
288.15
288.15
288.15
288.15
288.15
288.15
288.15
288.15
288.15
288.15
288.15
288.15
288.15
288.15
288.15
288.15
288.15
288.15
288.15
288.15
288.15
288.15
288.15
288.15
288.15
288.15
288.15
288.15
288.15
288.15
288.15
288.15
288.15
288.15
288.15
288.15
288.15
288.15
288.15
288.15
288.15
288.15
288.15
288.15
288.15
288.155
288.198
288.584
291.389
310.575
350.455
340.91
335.311
332.237
330.997
331.798
336.029
347.072
347.926
337.872
333.701
331.826
330.621
329.55
328.413
327.483
326.865
288.15
288.15
288.15
288.15
288.15
288.15
288.15
288.15
288.15
288.15
288.15
288.15
288.15
288.15
288.15
288.15
288.15
288.15
288.15
288.15
288.15
288.15
288.15
288.15
288.15
288.15
288.15
288.15
288.15
288.15
288.15
288.15
288.15
288.15
288.15
288.15
288.15
288.15
288.15
288.15
288.15
288.15
288.15
288.15
288.15
288.15
288.15
288.15
288.15
288.15
288.15
288.15
288.15
288.15
288.15
288.15
288.15
288.15
288.15
288.154
288.187
288.483
290.684
304.507
338.703
350.509
340.929
335.178
331.981
330.668
331.347
335.439
346.521
348.076
338.144
333.97
332.074
330.801
329.616
328.386
327.368
326.647
288.15
288.15
288.15
288.15
288.15
288.15
288.15
288.15
288.15
288.15
288.15
288.15
288.15
288.15
288.15
288.15
288.15
288.15
288.15
288.15
288.15
288.15
288.15
288.15
288.15
288.15
288.15
288.15
288.15
288.15
288.15
288.15
288.15
288.15
288.15
288.15
288.15
288.15
288.15
288.15
288.15
288.15
288.15
288.15
288.15
288.15
288.15
288.15
288.15
288.15
288.15
288.15
288.15
288.15
288.15
288.15
288.15
288.15
288.15
288.153
288.179
288.396
289.963
298.79
326.501
350.469
340.83
334.909
331.617
330.186
330.703
334.592
345.736
347.964
338.372
334.32
332.409
331.022
329.665
328.344
327.191
326.336
288.15
288.15
288.15
288.15
288.15
288.15
288.15
288.15
288.15
288.15
288.15
288.15
288.15
288.15
288.15
288.15
288.15
288.15
288.15
288.15
288.15
288.15
288.15
288.15
288.15
288.15
288.15
288.15
288.15
288.15
288.15
288.15
288.15
288.15
288.15
288.15
288.15
288.15
288.15
288.15
288.15
288.15
288.15
288.15
288.15
288.15
288.15
288.15
288.15
288.15
288.15
288.15
288.15
288.15
288.15
288.15
288.15
288.15
288.15
288.152
288.173
288.343
289.574
296.642
322.994
350.207
340.521
334.513
331.109
329.547
329.896
333.56
344.73
347.673
338.511
334.729
332.788
331.225
329.691
328.246
326.931
325.934
288.15
288.15
288.15
288.15
288.15
288.15
288.15
288.15
288.15
288.15
288.15
288.15
288.15
288.15
288.15
288.15
288.15
288.15
288.15
288.15
288.15
288.15
288.15
288.15
288.15
288.15
288.15
288.15
288.15
288.15
288.15
288.15
288.15
288.15
288.15
288.15
288.15
288.15
288.15
288.15
288.15
288.15
288.15
288.15
288.15
288.15
288.15
288.15
288.15
288.15
288.15
288.15
288.15
288.15
288.15
288.15
288.15
288.15
288.15
288.152
288.169
288.315
289.389
295.757
321.859
349.756
340.004
333.918
330.409
328.738
328.946
332.428
343.709
354.309
346.478
338.679
335.173
333.138
331.371
329.658
328.048
326.566
325.433
288.15
288.15
288.15
288.15
288.15
288.15
288.15
288.15
288.15
288.15
288.15
288.15
288.15
288.15
288.15
288.15
288.15
288.15
288.15
288.15
288.15
288.15
288.15
288.15
288.15
288.15
288.15
288.15
288.15
288.15
288.15
288.15
288.15
288.15
288.15
288.15
288.15
288.15
288.15
288.15
288.15
288.15
288.15
288.15
288.15
288.15
288.15
288.15
288.15
288.15
288.15
288.15
288.15
288.15
288.15
288.15
288.15
288.15
288.15
288.152
288.168
288.301
289.305
295.405
321.582
349.019
339.171
333.036
329.465
327.734
327.847
331.199
342.549
352.693
345.166
338.915
335.603
333.412
331.424
329.496
327.707
326.07
324.821
288.15
288.15
288.15
288.15
288.15
288.15
288.15
288.15
288.15
288.15
288.15
288.15
288.15
288.15
288.15
288.15
288.15
288.15
288.15
288.15
288.15
288.15
288.15
288.15
288.15
288.15
288.15
288.15
288.15
288.15
288.15
288.15
288.15
288.15
288.15
288.15
288.15
288.15
288.15
288.15
288.15
288.15
288.15
288.15
288.15
288.15
288.15
288.15
288.15
288.15
288.15
288.15
288.15
288.15
288.15
288.15
288.15
288.15
288.15
288.152
288.166
288.294
289.267
295.291
321.561
347.843
337.895
331.783
328.223
326.498
326.565
329.845
341.28
352.507
344.94
339.243
335.997
333.552
331.298
329.146
327.189
325.426
324.093
288.15
288.15
288.15
288.15
288.15
288.15
288.15
288.15
288.15
288.15
288.15
288.15
288.15
288.15
288.15
288.15
288.15
288.15
288.15
288.15
288.15
288.15
288.15
288.15
288.15
288.15
288.15
288.15
288.15
288.15
288.15
288.15
288.15
288.15
288.15
288.15
288.15
288.15
288.15
288.15
288.15
288.15
288.15
288.15
288.15
288.15
288.15
288.15
288.15
288.15
288.15
288.15
288.15
288.15
288.15
288.15
288.15
288.15
288.15
288.152
288.166
288.289
289.24
295.197
321.13
346.015
336.033
330.085
326.632
324.984
325.058
328.21
339.533
352.38
344.98
339.61
336.213
333.454
330.927
328.569
326.475
324.628
323.252
288.15
288.15
288.15
288.15
288.15
288.15
288.15
288.15
288.15
288.15
288.15
288.15
288.15
288.15
288.15
288.15
288.15
288.15
288.15
288.15
288.15
288.15
288.15
288.15
288.15
288.15
288.15
288.15
288.15
288.15
288.15
288.15
288.15
288.15
288.15
288.15
288.15
288.15
288.15
288.15
288.15
288.15
288.15
288.15
288.15
288.15
288.15
288.15
288.15
288.15
288.15
288.15
288.15
288.15
288.15
288.15
288.15
288.15
288.15
288.152
288.165
288.282
289.192
294.901
319.718
343.314
333.428
327.878
324.65
323.147
323.258
326.121
337.174
352.153
344.955
339.745
336.103
333.034
330.264
327.744
325.563
323.685
322.311
288.15
288.15
288.15
288.15
288.15
288.15
288.15
288.15
288.15
288.15
288.15
288.15
288.15
288.15
288.15
288.15
288.15
288.15
288.15
288.15
288.15
288.15
288.15
288.15
288.15
288.15
288.15
288.15
288.15
288.15
288.15
288.15
288.15
288.15
288.15
288.15
288.15
288.15
288.15
288.15
288.15
288.15
288.15
288.15
288.15
288.15
288.15
288.15
288.15
288.15
288.15
288.15
288.15
288.15
288.15
288.15
288.15
288.15
288.15
288.151
288.164
288.272
289.106
294.226
317.415
351.226
338.751
330.117
325.163
322.272
320.976
321.144
323.662
332.788
345.403
351.556
344.53
339.404
335.543
332.226
329.282
326.67
324.467
322.618
321.296
288.15
288.15
288.15
288.15
288.15
288.15
288.15
288.15
288.15
288.15
288.15
288.15
288.15
288.15
288.15
288.15
288.15
288.15
288.15
288.15
288.15
288.15
288.15
288.15
288.15
288.15
288.15
288.15
288.15
288.15
288.15
288.15
288.15
288.15
288.15
288.15
288.15
288.15
288.15
288.15
288.15
288.15
288.15
288.15
288.15
288.15
288.15
288.15
288.15
288.15
288.15
288.15
288.15
288.15
288.15
288.15
288.15
288.15
288.15
288.151
288.162
288.259
288.99
293.379
312.257
336.157
344.454
333.083
326.37
322.09
319.584
318.53
318.787
321.051
328.297
339.998
350.301
343.364
338.404
334.441
330.996
327.979
325.365
323.213
321.459
320.24
288.15
288.15
288.15
288.15
288.15
288.15
288.15
288.15
288.15
288.15
288.15
288.15
288.15
288.15
288.15
288.15
288.15
288.15
288.15
288.15
288.15
288.15
288.15
288.15
288.15
288.15
288.15
288.15
288.15
288.15
288.15
288.15
288.15
288.15
288.15
288.15
288.15
288.15
288.15
288.15
288.15
288.15
288.15
288.15
288.15
288.15
288.15
288.15
288.15
288.15
288.15
288.15
288.15
288.15
288.15
288.15
288.15
288.15
288.15
288.151
288.161
288.245
288.872
292.584
307.559
329.665
340.314
329.156
322.815
318.931
316.736
315.911
316.297
318.476
324.961
337.047
354.121
347.391
341.267
336.676
332.78
329.353
326.385
323.865
321.844
320.251
319.186
288.15
288.15
288.15
288.15
288.15
288.15
288.15
288.15
288.15
288.15
288.15
288.15
288.15
288.15
288.15
288.15
288.15
288.15
288.15
288.15
288.15
288.15
288.15
288.15
288.15
288.15
288.15
288.15
288.15
288.15
288.15
288.15
288.15
288.15
288.15
288.15
288.15
288.15
288.15
288.15
288.15
288.15
288.15
288.15
288.15
288.15
288.15
288.15
288.15
288.15
288.15
288.15
288.15
288.15
288.15
288.15
288.15
288.15
288.15
288.151
288.16
288.233
288.77
291.941
304.678
326.57
336.771
325.595
319.434
315.794
313.84
313.207
313.732
315.902
321.868
334.444
350.07
343.408
338.529
334.336
330.636
327.363
324.558
322.228
320.415
319.045
318.182
288.15
288.15
288.15
288.15
288.15
288.15
288.15
288.15
288.15
288.15
288.15
288.15
288.15
288.15
288.15
288.15
288.15
288.15
288.15
288.15
288.15
288.15
288.15
288.15
288.15
288.15
288.15
288.15
288.15
288.15
288.15
288.15
288.15
288.15
288.15
288.15
288.15
288.15
288.15
288.15
288.15
288.15
288.15
288.15
288.15
288.15
288.15
288.15
288.15
288.15
288.15
288.15
288.15
288.15
288.15
288.15
288.15
288.15
288.15
288.151
288.158
288.221
288.682
291.397
302.279
324.128
347.257
331.743
321.645
315.951
312.641
310.941
310.482
311.119
313.246
318.64
329.609
341.721
347.116
340.174
335.523
331.608
328.159
325.134
322.587
320.53
318.991
317.902
317.283
288.15
288.15
288.15
288.15
288.15
288.15
288.15
288.15
288.15
288.15
288.15
288.15
288.15
288.15
288.15
288.15
288.15
288.15
288.15
288.15
288.15
288.15
288.15
288.15
288.15
288.15
288.15
288.15
288.15
288.15
288.15
288.15
288.15
288.15
288.15
288.15
288.15
288.15
288.15
288.15
288.15
288.15
288.15
288.15
288.15
288.15
288.15
288.15
288.15
288.15
288.15
288.15
288.15
288.15
288.15
288.15
288.15
288.15
288.15
288.151
288.157
288.211
288.602
290.892
299.971
318.47
339.423
338.744
325.055
317.172
312.31
309.489
308.103
307.817
308.526
310.551
315.329
324.347
336.828
351.238
342.771
336.573
332.233
328.614
325.474
322.778
320.568
318.852
317.647
316.887
316.547
288.15
288.15
288.15
288.15
288.15
288.15
288.15
288.15
288.15
288.15
288.15
288.15
288.15
288.15
288.15
288.15
288.15
288.15
288.15
288.15
288.15
288.15
288.15
288.15
288.15
288.15
288.15
288.15
288.15
288.15
288.15
288.15
288.15
288.15
288.15
288.15
288.15
288.15
288.15
288.15
288.15
288.15
288.15
288.15
288.15
288.15
288.15
288.15
288.15
288.15
288.15
288.15
288.15
288.15
288.15
288.15
288.15
288.15
288.15
288.151
288.156
288.201
288.528
290.423
297.852
312.397
333.618
347.721
332.043
319.765
312.869
308.774
306.492
305.446
305.325
306.069
307.95
312.12
319.888
330.857
343.756
351.385
343.844
336.939
332.315
328.59
325.416
322.688
320.402
318.599
317.285
316.462
316.067
316.033
288.15
288.15
288.15
288.15
288.15
288.15
288.15
288.15
288.15
288.15
288.15
288.15
288.15
288.15
288.15
288.15
288.15
288.15
288.15
288.15
288.15
288.15
288.15
288.15
288.15
288.15
288.15
288.15
288.15
288.15
288.15
288.15
288.15
288.15
288.15
288.15
288.15
288.15
288.15
288.15
288.15
288.15
288.15
288.15
288.15
288.15
288.15
288.15
288.15
288.15
288.15
288.15
288.15
288.15
288.15
288.15
288.15
288.15
288.15
288.151
288.155
288.193
288.462
290.004
296.004
307.838
325.732
344.477
340.04
324.028
314.594
308.846
305.537
303.81
303.107
303.132
303.872
305.572
309.132
315.753
324.432
334.93
342.028
346.231
342.648
336.237
331.553
327.868
324.797
322.161
319.929
318.125
316.788
315.922
315.517
315.51
315.795
288.15
288.15
288.15
288.15
288.15
288.15
288.15
288.15
288.15
288.15
288.15
288.15
288.15
288.15
288.15
288.15
288.15
288.15
288.15
288.15
288.15
288.15
288.15
288.15
288.15
288.15
288.15
288.15
288.15
288.15
288.15
288.15
288.15
288.15
288.15
288.15
288.15
288.15
288.15
288.15
288.15
288.15
288.15
288.15
288.15
288.15
288.15
288.15
288.15
288.15
288.15
288.15
288.15
288.15
288.15
288.15
288.15
288.15
288.15
288.15
288.154
288.185
288.404
289.641
294.424
304
317.363
333.479
344.667
348.829
343.114
331.391
317.951
309.948
305.254
302.734
301.569
301.203
301.354
302.056
303.536
306.491
311.998
319.191
326.488
331.852
334.043
332.539
329.359
326.204
323.452
321.07
319.027
317.349
316.075
315.244
314.857
314.89
315.277
315.883
288.15
288.15
288.15
288.15
288.15
288.15
288.15
288.15
288.15
288.15
288.15
288.15
288.15
288.15
288.15
288.15
288.15
288.15
288.15
288.15
288.15
288.15
288.15
288.15
288.15
288.15
288.15
288.15
288.15
288.15
288.15
288.15
288.15
288.15
288.15
288.15
288.15
288.15
288.15
288.15
288.15
288.15
288.15
288.15
288.15
288.15
288.15
288.15
288.15
288.15
288.15
288.15
288.15
288.15
288.15
288.15
288.15
288.15
288.15
288.15
288.154
288.179
288.354
289.333
293.102
300.794
311.382
322.669
331.609
334.765
328.835
320.093
311.656
305.629
302.127
300.447
299.858
299.821
300.078
300.711
301.94
304.308
308.745
314.653
320.337
324.489
325.735
325.12
323.289
321.242
319.324
317.626
316.198
315.1
314.382
314.078
314.181
314.651
315.422
316.334
288.15
288.15
288.15
288.15
288.15
288.15
288.15
288.15
288.15
288.15
288.15
288.15
288.15
288.15
288.15
288.15
288.15
288.15
288.15
288.15
288.15
288.15
288.15
288.15
288.15
288.15
288.15
288.15
288.15
288.15
288.15
288.15
288.15
288.15
288.15
288.15
288.15
288.15
288.15
288.15
288.15
288.15
288.15
288.15
288.15
288.15
288.15
288.15
288.15
288.15
288.15
288.15
288.15
288.15
288.15
288.15
288.15
288.15
288.15
288.15
288.153
288.173
288.312
289.077
292.018
298.152
306.606
315.311
322.122
323.818
319.388
312.825
306.454
301.972
299.599
298.758
298.742
299.019
299.36
299.897
300.854
302.663
306.097
310.824
315.327
318.57
319.484
319.19
318.155
316.91
315.703
314.651
313.834
313.322
313.165
313.387
313.97
314.86
315.981
317.166
288.15
288.15
288.15
288.15
288.15
288.15
288.15
288.15
288.15
288.15
288.15
288.15
288.15
288.15
288.15
288.15
288.15
288.15
288.15
288.15
288.15
288.15
288.15
288.15
288.15
288.15
288.15
288.15
288.15
288.15
288.15
288.15
288.15
288.15
288.15
288.15
288.15
288.15
288.15
288.15
288.15
288.15
288.15
288.15
288.15
288.15
288.15
288.15
288.15
288.15
288.15
288.15
288.15
288.15
288.15
288.15
288.15
288.15
288.15
288.15
288.152
288.168
288.277
288.87
291.14
295.988
302.735
309.543
314.621
315.431
312.082
307.095
302.261
299.062
297.739
297.72
298.265
298.833
299.232
299.652
300.318
301.601
304.119
307.74
311.241
313.747
314.506
314.442
313.954
313.336
312.75
312.303
312.076
312.137
312.528
313.255
314.286
315.553
316.971
318.375
288.15
288.15
288.15
288.15
288.15
288.15
288.15
288.15
288.15
288.15
288.15
288.15
288.15
288.15
288.15
288.15
288.15
288.15
288.15
288.15
288.15
288.15
288.15
288.15
288.15
288.15
288.15
288.15
288.15
288.15
288.15
288.15
288.15
288.15
288.15
288.15
288.15
288.15
288.15
288.15
288.15
288.15
288.15
288.15
288.15
288.15
288.15
288.15
288.15
288.15
288.15
288.15
288.15
288.15
288.15
288.15
288.15
288.15
288.15
288.15
288.152
288.165
288.249
288.703
290.438
294.229
299.579
304.915
308.674
308.995
306.399
302.573
298.953
296.881
296.557
297.352
298.448
299.283
299.712
299.995
300.355
301.138
302.842
305.45
308.053
309.93
310.588
310.751
310.715
310.632
310.605
310.721
311.052
311.655
312.558
313.746
315.168
316.743
318.379
319.928
288.15
288.15
288.15
288.15
288.15
288.15
288.15
288.15
288.15
288.15
288.15
288.15
288.15
288.15
288.15
288.15
288.15
288.15
288.15
288.15
288.15
288.15
288.15
288.15
288.15
288.15
288.15
288.15
288.15
288.15
288.15
288.15
288.15
288.15
288.15
288.15
288.15
288.15
288.15
288.15
288.15
288.15
288.15
288.15
288.15
288.15
288.15
288.15
288.15
288.15
288.15
288.15
288.15
288.15
288.15
288.15
288.15
288.15
288.15
288.15
288.151
288.161
288.226
288.571
289.883
292.811
297.009
301.173
303.947
304.01
301.967
299.024
296.41
295.38
296.041
297.66
299.302
300.38
300.817
300.94
300.978
301.284
302.271
303.992
305.806
307.159
307.771
308.189
308.557
308.943
309.413
310.036
310.873
311.965
313.318
314.894
316.621
318.408
320.162
321.764
288.15
288.15
288.15
288.15
288.15
288.15
288.15
288.15
288.15
288.15
288.15
288.15
288.15
288.15
288.15
288.15
288.15
288.15
288.15
288.15
288.15
288.15
288.15
288.15
288.15
288.15
288.15
288.15
288.15
288.15
288.15
288.15
288.15
288.15
288.15
288.15
288.15
288.15
288.15
288.15
288.15
288.15
288.15
288.15
288.15
288.15
288.15
288.15
288.15
288.15
288.15
288.15
288.15
288.15
288.15
288.15
288.15
288.15
288.15
288.15
288.151
288.159
288.209
288.468
289.449
291.68
294.933
298.151
300.19
300.122
298.511
296.265
294.531
294.512
296.18
298.652
300.848
302.148
302.595
302.515
302.201
302.042
302.404
303.384
304.56
305.554
306.261
306.962
307.677
308.445
309.322
310.368
311.631
313.129
314.839
316.698
318.611
320.487
322.238
323.79
288.15
288.15
288.15
288.15
288.15
288.15
288.15
288.15
288.15
288.15
288.15
288.15
288.15
288.15
288.15
288.15
288.15
288.15
288.15
288.15
288.15
288.15
288.15
288.15
288.15
288.15
288.15
288.15
288.15
288.15
288.15
288.15
288.15
288.15
288.15
288.15
288.15
288.15
288.15
288.15
288.15
288.15
288.15
288.15
288.15
288.15
288.15
288.15
288.15
288.15
288.15
288.15
288.15
288.15
288.15
288.15
288.15
288.15
288.15
288.15
288.151
288.157
288.194
288.388
289.113
290.789
293.273
295.731
297.218
297.09
295.826
294.156
293.232
294.242
296.973
300.353
303.128
304.637
305.089
304.749
304.041
303.413
303.23
303.635
304.393
305.332
306.381
307.343
308.292
309.304
310.453
311.802
313.376
315.163
317.102
319.102
321.053
322.874
324.493
325.888
288.15
288.15
288.15
288.15
288.15
288.15
288.15
288.15
288.15
288.15
288.15
288.15
288.15
288.15
288.15
288.15
288.15
288.15
288.15
288.15
288.15
288.15
288.15
288.15
288.15
288.15
288.15
288.15
288.15
288.15
288.15
288.15
288.15
288.15
288.15
288.15
288.15
288.15
288.15
288.15
288.15
288.15
288.15
288.15
288.15
288.15
288.15
288.15
288.15
288.15
288.15
288.15
288.15
288.15
288.15
288.15
288.15
288.15
288.15
288.15
288.151
288.155
288.183
288.326
288.856
290.097
291.964
293.814
294.886
294.739
293.762
292.582
292.453
294.549
298.443
302.818
306.225
307.95
308.362
307.688
306.519
305.406
304.746
304.771
305.461
306.957
308.456
309.567
310.568
311.629
312.873
314.365
316.098
318.019
320.02
321.987
323.805
325.42
326.784
327.932
288.15
288.15
288.15
288.15
288.15
288.15
288.15
288.15
288.15
288.15
288.15
288.15
288.15
288.15
288.15
288.15
288.15
288.15
288.15
288.15
288.15
288.15
288.15
288.15
288.15
288.15
288.15
288.15
288.15
288.15
288.15
288.15
288.15
288.15
288.15
288.15
288.15
288.15
288.15
288.15
288.15
288.15
288.15
288.15
288.15
288.15
288.15
288.15
288.15
288.15
288.15
288.15
288.15
288.15
288.15
288.15
288.15
288.15
288.15
288.15
288.151
288.154
288.175
288.279
288.662
289.568
290.949
292.318
293.079
292.936
292.199
291.456
292.148
295.428
300.652
306.147
310.299
312.281
312.572
311.41
309.663
308.025
306.958
306.864
308.108
310.632
312.617
313.712
314.579
315.459
316.568
317.998
319.701
321.563
323.427
325.164
326.678
327.947
328.962
329.801
288.15
288.15
288.15
288.15
288.15
288.15
288.15
288.15
288.15
288.15
288.15
288.15
288.15
288.15
288.15
288.15
288.15
288.15
288.15
288.15
288.15
288.15
288.15
288.15
288.15
288.15
288.15
288.15
288.15
288.15
288.15
288.15
288.15
288.15
288.15
288.15
288.15
288.15
288.15
288.15
288.15
288.15
288.15
288.15
288.15
288.15
288.15
288.15
288.15
288.15
288.15
288.15
288.15
288.15
288.15
288.15
288.15
288.15
288.15
288.15
288.15
288.153
288.168
288.244
288.518
289.17
290.174
291.17
291.701
291.574
291.038
290.704
292.289
296.894
303.72
310.519
315.637
317.969
317.916
315.979
313.481
311.263
309.88
310.089
312.74
316.396
318.782
319.741
320.326
320.79
321.407
322.518
323.97
325.557
327.07
328.388
329.448
330.275
330.889
331.397
288.15
288.15
288.15
288.15
288.15
288.15
288.15
288.15
288.15
288.15
288.15
288.15
288.15
288.15
288.15
288.15
288.15
288.15
288.15
288.15
288.15
288.15
288.15
288.15
288.15
288.15
288.15
288.15
288.15
288.15
288.15
288.15
288.15
288.15
288.15
288.15
288.15
288.15
288.15
288.15
288.15
288.15
288.15
288.15
288.15
288.15
288.15
288.15
288.15
288.15
288.15
288.15
288.15
288.15
288.15
288.15
288.15
288.15
288.15
288.15
288.15
288.152
288.163
288.217
288.411
288.874
289.593
290.306
290.669
290.564
290.197
290.27
292.866
298.985
307.887
316.252
322.762
325.544
324.556
321.388
317.924
315.08
313.536
314.818
319.157
323.925
326.723
327.505
327.253
326.924
326.973
327.557
328.565
329.668
330.636
331.383
331.901
332.249
332.465
332.663
288.15
288.15
288.15
288.15
288.15
288.15
288.15
288.15
288.15
288.15
288.15
288.15
288.15
288.15
288.15
288.15
288.15
288.15
288.15
288.15
288.15
288.15
288.15
288.15
288.15
288.15
288.15
288.15
288.15
288.15
288.15
288.15
288.15
288.15
288.15
288.15
288.15
288.15
288.15
288.15
288.15
288.15
288.15
288.15
288.15
288.15
288.15
288.15
288.15
288.15
288.15
288.15
288.15
288.15
288.15
288.15
288.15
288.15
288.15
288.15
288.15
288.152
288.16
288.198
288.334
288.659
289.165
289.667
289.91
289.83
289.61
290.111
293.88
301.76
313.603
323.925
332.632
335.375
332.464
327.516
322.865
319.387
317.956
321.302
327.299
332.956
336.497
336.699
335.007
333.406
332.661
332.653
333.074
333.516
333.796
333.901
333.868
333.769
333.643
333.587
288.15
288.15
288.15
288.15
288.15
288.15
288.15
288.15
288.15
288.15
288.15
288.15
288.15
288.15
288.15
288.15
288.15
288.15
288.15
288.15
288.15
288.15
288.15
288.15
288.15
288.15
288.15
288.15
288.15
288.15
288.15
288.15
288.15
288.15
288.15
288.15
288.15
288.15
288.15
288.15
288.15
288.15
288.15
288.15
288.15
288.15
288.15
288.15
288.15
288.15
288.15
288.15
288.15
288.15
288.15
288.15
288.15
288.15
288.15
288.15
288.15
288.151
288.157
288.184
288.278
288.503
288.856
289.203
289.362
289.306
289.218
290.197
295.345
305.278
322.299
335.734
346.923
348.147
342.724
334.185
328.111
324.043
323.128
328.728
337.84
344.318
348.989
348.439
344.278
339.886
338.024
337.391
337.088
336.741
336.283
335.772
335.263
334.809
334.431
334.2
288.15
288.15
288.15
288.15
288.15
288.15
288.15
288.15
288.15
288.15
288.15
288.15
288.15
288.15
288.15
288.15
288.15
288.15
288.15
288.15
288.15
288.15
288.15
288.15
288.15
288.15
288.15
288.15
288.15
288.15
288.15
288.15
288.15
288.15
288.15
288.15
288.15
288.15
288.15
288.15
288.15
288.15
288.15
288.15
288.15
288.15
288.15
288.15
288.15
288.15
288.15
288.15
288.15
288.15
288.15
288.15
288.15
288.15
288.15
288.15
288.15
288.151
288.155
288.174
288.239
288.393
288.635
288.872
288.974
288.942
288.978
290.51
297.292
309.616
330.727
351.597
342.033
333.414
328.848
328.84
337.318
347.497
352.029
346.145
342.732
341.424
340.272
339.088
337.95
336.944
336.096
335.412
334.885
334.557
288.15
288.15
288.15
288.15
288.15
288.15
288.15
288.15
288.15
288.15
288.15
288.15
288.15
288.15
288.15
288.15
288.15
288.15
288.15
288.15
288.15
288.15
288.15
288.15
288.15
288.15
288.15
288.15
288.15
288.15
288.15
288.15
288.15
288.15
288.15
288.15
288.15
288.15
288.15
288.15
288.15
288.15
288.15
288.15
288.15
288.15
288.15
288.15
288.15
288.15
288.15
288.15
288.15
288.15
288.15
288.15
288.15
288.15
288.15
288.15
288.15
288.151
288.154
288.167
288.211
288.316
288.481
288.641
288.706
288.695
288.855
291.055
299.825
315.585
336.765
347.867
338.397
333.566
334.343
343.826
350.684
346.556
344.54
342.447
340.478
338.812
337.485
336.454
335.665
335.085
334.728
288.15
288.15
288.15
288.15
288.15
288.15
288.15
288.15
288.15
288.15
288.15
288.15
288.15
288.15
288.15
288.15
288.15
288.15
288.15
288.15
288.15
288.15
288.15
288.15
288.15
288.15
288.15
288.15
288.15
288.15
288.15
288.15
288.15
288.15
288.15
288.15
288.15
288.15
288.15
288.15
288.15
288.15
288.15
288.15
288.15
288.15
288.15
288.15
288.15
288.15
288.15
288.15
288.15
288.15
288.15
288.15
288.15
288.15
288.15
288.15
288.15
288.15
288.152
288.162
288.192
288.263
288.374
288.482
288.526
288.533
288.826
291.846
303.185
322.017
352.889
344.208
338.107
339.103
347.278
354.511
350.151
346.777
343.66
341.024
339.016
337.545
336.47
335.677
335.114
334.777
288.15
288.15
288.15
288.15
288.15
288.15
288.15
288.15
288.15
288.15
288.15
288.15
288.15
288.15
288.15
288.15
288.15
288.15
288.15
288.15
288.15
288.15
288.15
288.15
288.15
288.15
288.15
288.15
288.15
288.15
288.15
288.15
288.15
288.15
288.15
288.15
288.15
288.15
288.15
288.15
288.15
288.15
288.15
288.15
288.15
288.15
288.15
288.15
288.15
288.15
288.15
288.15
288.15
288.15
288.15
288.15
288.15
288.15
288.15
288.15
288.15
288.15
288.152
288.158
288.178
288.226
288.301
288.373
288.405
288.431
288.869
292.885
308.036
328.505
348.469
342.29
344.37
352.144
352.596
348.207
344.121
340.959
338.776
337.298
336.277
335.548
335.047
334.759
288.15
288.15
288.15
288.15
288.15
288.15
288.15
288.15
288.15
288.15
288.15
288.15
288.15
288.15
288.15
288.15
288.15
288.15
288.15
288.15
288.15
288.15
288.15
288.15
288.15
288.15
288.15
288.15
288.15
288.15
288.15
288.15
288.15
288.15
288.15
288.15
288.15
288.15
288.15
288.15
288.15
288.15
288.15
288.15
288.15
288.15
288.15
288.15
288.15
288.15
288.15
288.15
288.15
288.15
288.15
288.15
288.15
288.15
288.15
288.15
288.15
288.15
288.151
288.155
288.169
288.201
288.251
288.3
288.325
288.369
288.958
294.08
313.542
351.426
346.269
348.534
353.67
349.068
344.123
340.545
338.299
336.899
335.986
335.356
334.938
334.71
288.15
288.15
288.15
288.15
288.15
288.15
288.15
288.15
288.15
288.15
288.15
288.15
288.15
288.15
288.15
288.15
288.15
288.15
288.15
288.15
288.15
288.15
288.15
288.15
288.15
288.15
288.15
288.15
288.15
288.15
288.15
288.15
288.15
288.15
288.15
288.15
288.15
288.15
288.15
288.15
288.15
288.15
288.15
288.15
288.15
288.15
288.15
288.15
288.15
288.15
288.15
288.15
288.15
288.15
288.15
288.15
288.15
288.15
288.15
288.15
288.15
288.15
288.151
288.154
288.163
288.184
288.218
288.252
288.272
288.333
289.07
295.276
315.555
355.028
350.56
351.406
354.449
349.758
343.952
339.997
337.743
336.459
335.675
335.153
334.822
334.653
288.15
288.15
288.15
288.15
288.15
288.15
288.15
288.15
288.15
288.15
288.15
288.15
288.15
288.15
288.15
288.15
288.15
288.15
288.15
288.15
288.15
288.15
288.15
288.15
288.15
288.15
288.15
288.15
288.15
288.15
288.15
288.15
288.15
288.15
288.15
288.15
288.15
288.15
288.15
288.15
288.15
288.15
288.15
288.15
288.15
288.15
288.15
288.15
288.15
288.15
288.15
288.15
288.15
288.15
288.15
288.15
288.15
288.15
288.15
288.15
288.15
288.15
288.151
288.153
288.159
288.173
288.196
288.219
288.237
288.315
289.217
296.593
317.542
354.485
354.627
355.705
350.982
343.806
339.477
337.214
336.047
335.388
334.972
334.72
334.599
288.15
288.15
288.15
288.15
288.15
288.15
288.15
288.15
288.15
288.15
288.15
288.15
288.15
288.15
288.15
288.15
288.15
288.15
288.15
288.15
288.15
288.15
288.15
288.15
288.15
288.15
288.15
288.15
288.15
288.15
288.15
288.15
288.15
288.15
288.15
288.15
288.15
288.15
288.15
288.15
288.15
288.15
288.15
288.15
288.15
288.15
288.15
288.15
288.15
288.15
288.15
288.15
288.15
288.15
288.15
288.15
288.15
288.15
288.15
288.15
288.15
288.15
288.15
288.152
288.156
288.165
288.181
288.197
288.214
288.316
289.453
298.549
320.104
357.255
357.269
351.904
343.679
339.011
336.759
335.701
335.149
334.82
334.632
334.548
288.15
288.15
288.15
288.15
288.15
288.15
288.15
288.15
288.15
288.15
288.15
288.15
288.15
288.15
288.15
288.15
288.15
288.15
288.15
288.15
288.15
288.15
288.15
288.15
288.15
288.15
288.15
288.15
288.15
288.15
288.15
288.15
288.15
288.15
288.15
288.15
288.15
288.15
288.15
288.15
288.15
288.15
288.15
288.15
288.15
288.15
288.15
288.15
288.15
288.15
288.15
288.15
288.15
288.15
288.15
288.15
288.15
288.15
288.15
288.15
288.15
288.15
288.15
288.151
288.154
288.16
288.171
288.183
288.2
288.335
289.826
302.229
327.936
352.039
343.476
338.587
336.379
335.418
334.955
334.698
334.56
334.502
288.15
288.15
288.15
288.15
288.15
288.15
288.15
288.15
288.15
288.15
288.15
288.15
288.15
288.15
288.15
288.15
288.15
288.15
288.15
288.15
288.15
288.15
288.15
288.15
288.15
288.15
288.15
288.15
288.15
288.15
288.15
288.15
288.15
288.15
288.15
288.15
288.15
288.15
288.15
288.15
288.15
288.15
288.15
288.15
288.15
288.15
288.15
288.15
288.15
288.15
288.15
288.15
288.15
288.15
288.15
288.15
288.15
288.15
288.15
288.15
288.15
288.15
288.15
288.151
288.153
288.157
288.164
288.173
288.192
288.367
290.251
307.275
351.996
343.131
338.197
336.066
335.193
334.802
334.601
334.5
334.46
288.15
288.15
288.15
288.15
288.15
288.15
288.15
288.15
288.15
288.15
288.15
288.15
288.15
288.15
288.15
288.15
288.15
288.15
288.15
288.15
288.15
288.15
288.15
288.15
288.15
288.15
288.15
288.15
288.15
288.15
288.15
288.15
288.15
288.15
288.15
288.15
288.15
288.15
288.15
288.15
288.15
288.15
288.15
288.15
288.15
288.15
288.15
288.15
288.15
288.15
288.15
288.15
288.15
288.15
288.15
288.15
288.15
288.15
288.15
288.15
288.15
288.15
288.15
288.151
288.152
288.155
288.16
288.167
288.187
288.396
290.685
309.201
351.747
342.721
337.854
335.814
335.017
334.684
334.525
334.45
334.422
288.15
288.15
288.15
288.15
288.15
288.15
288.15
288.15
288.15
288.15
288.15
288.15
288.15
288.15
288.15
288.15
288.15
288.15
288.15
288.15
288.15
288.15
288.15
288.15
288.15
288.15
288.15
288.15
288.15
288.15
288.15
288.15
288.15
288.15
288.15
288.15
288.15
288.15
288.15
288.15
288.15
288.15
288.15
288.15
288.15
288.15
288.15
288.15
288.15
288.15
288.15
288.15
288.15
288.15
288.15
288.15
288.15
288.15
288.15
288.15
288.15
288.15
288.15
288.15
288.151
288.153
288.157
288.162
288.183
288.41
290.857
310.34
351.435
342.368
337.588
335.623
334.883
334.592
334.464
334.408
334.388
288.15
288.15
288.15
288.15
288.15
288.15
288.15
288.15
288.15
288.15
288.15
288.15
288.15
288.15
288.15
288.15
288.15
288.15
288.15
288.15
288.15
288.15
288.15
288.15
288.15
288.15
288.15
288.15
288.15
288.15
288.15
288.15
288.15
288.15
288.15
288.15
288.15
288.15
288.15
288.15
288.15
288.15
288.15
288.15
288.15
288.15
288.15
288.15
288.15
288.15
288.15
288.15
288.15
288.15
288.15
288.15
288.15
288.15
288.15
288.15
288.15
288.15
288.15
288.15
288.151
288.152
288.155
288.159
288.18
288.407
290.837
310.511
351.209
342.193
337.435
335.495
334.785
334.523
334.415
334.372
334.357
288.15
288.15
288.15
288.15
288.15
288.15
288.15
288.15
288.15
288.15
288.15
288.15
288.15
288.15
288.15
288.15
288.15
288.15
288.15
288.15
288.15
288.15
288.15
288.15
288.15
288.15
288.15
288.15
288.15
288.15
288.15
288.15
288.15
288.15
288.15
288.15
288.15
288.15
288.15
288.15
288.15
288.15
288.15
288.15
288.15
288.15
288.15
288.15
288.15
288.15
288.15
288.15
288.15
288.15
288.15
288.15
288.15
288.15
288.15
288.15
288.15
288.15
288.15
288.15
288.151
288.151
288.153
288.157
288.177
288.398
290.755
310.251
351.21
342.363
337.442
335.434
334.72
334.47
334.376
334.34
334.329
288.15
288.15
288.15
288.15
288.15
288.15
288.15
288.15
288.15
288.15
288.15
288.15
288.15
288.15
288.15
288.15
288.15
288.15
288.15
288.15
288.15
288.15
288.15
288.15
288.15
288.15
288.15
288.15
288.15
288.15
288.15
288.15
288.15
288.15
288.15
288.15
288.15
288.15
288.15
288.15
288.15
288.15
288.15
288.15
288.15
288.15
288.15
288.15
288.15
288.15
288.15
288.15
288.15
288.15
288.15
288.15
288.15
288.15
288.15
288.15
288.15
288.15
288.15
288.15
288.15
288.151
288.152
288.155
288.175
288.389
290.69
310.078
351.811
343.229
337.687
335.449
334.682
334.431
334.344
334.313
334.304
288.15
288.15
288.15
288.15
288.15
288.15
288.15
288.15
288.15
288.15
288.15
288.15
288.15
288.15
288.15
288.15
288.15
288.15
288.15
288.15
288.15
288.15
288.15
288.15
288.15
288.15
288.15
288.15
288.15
288.15
288.15
288.15
288.15
288.15
288.15
288.15
288.15
288.15
288.15
288.15
288.15
288.15
288.15
288.15
288.15
288.15
288.15
288.15
288.15
288.15
288.15
288.15
288.15
288.15
288.15
288.15
288.15
288.15
288.15
288.15
288.15
288.15
288.15
288.15
288.15
288.151
288.152
288.154
288.173
288.382
290.647
309.889
354.311
345.591
338.21
335.538
334.669
334.403
334.317
334.289
334.28
288.15
288.15
288.15
288.15
288.15
288.15
288.15
288.15
288.15
288.15
288.15
288.15
288.15
288.15
288.15
288.15
288.15
288.15
288.15
288.15
288.15
288.15
288.15
288.15
288.15
288.15
288.15
288.15
288.15
288.15
288.15
288.15
288.15
288.15
288.15
288.15
288.15
288.15
288.15
288.15
288.15
288.15
288.15
288.15
288.15
288.15
288.15
288.15
288.15
288.15
288.15
288.15
288.15
288.15
288.15
288.15
288.15
288.15
288.15
288.15
288.15
288.15
288.15
288.15
288.15
288.151
288.151
288.154
288.172
288.377
290.626
309.834
347.425
338.757
335.655
334.67
334.382
334.295
334.267
334.259
288.15
288.15
288.15
288.15
288.15
288.15
288.15
288.15
288.15
288.15
288.15
288.15
288.15
288.15
288.15
288.15
288.15
288.15
288.15
288.15
288.15
288.15
288.15
288.15
288.15
288.15
288.15
288.15
288.15
288.15
288.15
288.15
288.15
288.15
288.15
288.15
288.15
288.15
288.15
288.15
288.15
288.15
288.15
288.15
288.15
288.15
288.15
288.15
288.15
288.15
288.15
288.15
288.15
288.15
288.15
288.15
288.15
288.15
288.15
288.15
288.15
288.15
288.15
288.15
288.15
288.15
288.151
288.153
288.171
288.375
290.618
309.811
348.07
339.161
335.738
334.672
334.367
334.276
334.247
334.238
288.15
288.15
288.15
288.15
288.15
288.15
288.15
288.15
288.15
288.15
288.15
288.15
288.15
288.15
288.15
288.15
288.15
288.15
288.15
288.15
288.15
288.15
288.15
288.15
288.15
288.15
288.15
288.15
288.15
288.15
288.15
288.15
288.15
288.15
288.15
288.15
288.15
288.15
288.15
288.15
288.15
288.15
288.15
288.15
288.15
288.15
288.15
288.15
288.15
288.15
288.15
288.15
288.15
288.15
288.15
288.15
288.15
288.15
288.15
288.15
288.15
288.15
288.15
288.15
288.15
288.15
288.151
288.153
288.17
288.375
290.626
309.889
348.087
339.178
335.745
334.666
334.354
334.259
334.228
334.219
288.15
288.15
288.15
288.15
288.15
288.15
288.15
288.15
288.15
288.15
288.15
288.15
288.15
288.15
288.15
288.15
288.15
288.15
288.15
288.15
288.15
288.15
288.15
288.15
288.15
288.15
288.15
288.15
288.15
288.15
288.15
288.15
288.15
288.15
288.15
288.15
288.15
288.15
288.15
288.15
288.15
288.15
288.15
288.15
288.15
288.15
288.15
288.15
288.15
288.15
288.15
288.15
288.15
288.15
288.15
288.15
288.15
288.15
288.15
288.15
288.15
288.15
288.15
288.15
288.15
288.15
288.151
288.152
288.17
288.376
290.647
310.047
347.439
338.812
335.675
334.652
334.344
334.246
334.211
334.2
288.15
288.15
288.15
288.15
288.15
288.15
288.15
288.15
288.15
288.15
288.15
288.15
288.15
288.15
288.15
288.15
288.15
288.15
288.15
288.15
288.15
288.15
288.15
288.15
288.15
288.15
288.15
288.15
288.15
288.15
288.15
288.15
288.15
288.15
288.15
288.15
288.15
288.15
288.15
288.15
288.15
288.15
288.15
288.15
288.15
288.15
288.15
288.15
288.15
288.15
288.15
288.15
288.15
288.15
288.15
288.15
288.15
288.15
288.15
288.15
288.15
288.15
288.15
288.15
288.15
288.15
288.151
288.152
288.17
288.378
290.672
310.173
354.446
345.775
338.327
335.567
334.637
334.338
334.235
334.195
334.182
288.15
288.15
288.15
288.15
288.15
288.15
288.15
288.15
288.15
288.15
288.15
288.15
288.15
288.15
288.15
288.15
288.15
288.15
288.15
288.15
288.15
288.15
288.15
288.15
288.15
288.15
288.15
288.15
288.15
288.15
288.15
288.15
288.15
288.15
288.15
288.15
288.15
288.15
288.15
288.15
288.15
288.15
288.15
288.15
288.15
288.15
288.15
288.15
288.15
288.151
288.151
288.151
288.151
288.151
288.151
288.151
288.151
288.151
288.151
288.151
288.151
288.151
288.15
288.15
288.15
288.15
288.151
288.152
288.17
288.383
290.717
310.467
352.051
343.497
337.843
335.481
334.634
334.34
334.228
334.181
334.164
288.15
288.15
288.15
288.15
288.15
288.15
288.15
288.15
288.15
288.15
288.15
288.15
288.15
288.15
288.15
288.15
288.15
288.15
288.15
288.15
288.15
288.15
288.15
288.15
288.15
288.15
288.15
288.15
288.15
288.15
288.15
288.15
288.15
288.15
288.15
288.15
288.15
288.15
288.15
288.15
288.15
288.15
288.15
288.15
288.15
288.15
288.151
288.151
288.151
288.151
288.151
288.151
288.151
288.151
288.151
288.151
288.151
288.151
288.151
288.151
288.151
288.151
288.151
288.151
288.151
288.15
288.151
288.152
288.17
288.389
290.767
310.674
351.526
342.699
337.626
335.463
334.654
334.354
334.227
334.168
334.145
288.15
288.15
288.15
288.15
288.15
288.15
288.15
288.15
288.15
288.15
288.15
288.15
288.15
288.15
288.15
288.15
288.15
288.15
288.15
288.15
288.15
288.15
288.15
288.15
288.15
288.15
288.15
288.15
288.15
288.15
288.15
288.15
288.15
288.15
288.15
288.15
288.15
288.15
288.15
288.15
288.15
288.15
288.15
288.15
288.151
288.151
288.151
288.151
288.151
288.151
288.151
288.152
288.152
288.152
288.152
288.152
288.152
288.152
288.151
288.151
288.151
288.151
288.151
288.151
288.151
288.151
288.151
288.152
288.17
288.395
290.829
310.905
351.586
342.599
337.643
335.521
334.704
334.382
334.234
334.158
334.126
288.15
288.15
288.15
288.15
288.15
288.15
288.15
288.15
288.15
288.15
288.15
288.15
288.15
288.15
288.15
288.15
288.15
288.15
288.15
288.15
288.15
288.15
288.15
288.15
288.15
288.15
288.15
288.15
288.15
288.15
288.15
288.15
288.15
288.15
288.15
288.15
288.15
288.15
288.15
288.15
288.15
288.15
288.151
288.151
288.151
288.151
288.151
288.152
288.152
288.152
288.152
288.152
288.152
288.152
288.152
288.152
288.152
288.152
288.152
288.152
288.152
288.152
288.151
288.151
288.151
288.151
288.151
288.152
288.171
288.398
290.86
310.696
351.824
342.825
337.817
335.646
334.787
334.429
334.251
334.15
334.104
288.15
288.15
288.15
288.15
288.15
288.15
288.15
288.15
288.15
288.15
288.15
288.15
288.15
288.15
288.15
288.15
288.15
288.15
288.15
288.15
288.15
288.15
288.15
288.15
288.15
288.15
288.15
288.15
288.15
288.15
288.15
288.15
288.15
288.15
288.15
288.15
288.15
288.15
288.15
288.15
288.151
288.151
288.151
288.151
288.152
288.152
288.152
288.153
288.153
288.153
288.153
288.153
288.154
288.154
288.154
288.154
288.153
288.153
288.153
288.153
288.153
288.152
288.152
288.152
288.152
288.151
288.151
288.152
288.171
288.393
290.758
309.458
352.13
343.207
338.095
335.832
334.906
334.5
334.282
334.147
334.08
288.15
288.15
288.15
288.15
288.15
288.15
288.15
288.15
288.15
288.15
288.15
288.15
288.15
288.15
288.15
288.15
288.15
288.15
288.15
288.15
288.15
288.15
288.15
288.15
288.15
288.15
288.15
288.15
288.15
288.15
288.15
288.15
288.15
288.15
288.15
288.15
288.15
288.15
288.15
288.151
288.151
288.151
288.152
288.152
288.152
288.153
288.153
288.154
288.154
288.155
288.155
288.155
288.155
288.155
288.155
288.155
288.155
288.155
288.155
288.154
288.154
288.153
288.153
288.153
288.152
288.152
288.152
288.153
288.17
288.376
290.454
307.433
352.361
343.62
338.436
336.07
335.064
334.597
334.329
334.149
334.052
288.15
288.15
288.15
288.15
288.15
288.15
288.15
288.15
288.15
288.15
288.15
288.15
288.15
288.15
288.15
288.15
288.15
288.15
288.15
288.15
288.15
288.15
288.15
288.15
288.15
288.15
288.15
288.15
288.15
288.15
288.15
288.15
288.15
288.15
288.15
288.15
288.15
288.15
288.151
288.151
288.151
288.152
288.153
288.153
288.154
288.155
288.155
288.156
288.156
288.157
288.157
288.158
288.158
288.158
288.158
288.158
288.157
288.157
288.157
288.156
288.156
288.155
288.154
288.154
288.153
288.153
288.152
288.153
288.168
288.35
290.127
303.118
323.745
352.371
343.928
338.795
336.355
335.263
334.724
334.394
334.157
334.017
288.15
288.15
288.15
288.15
288.15
288.15
288.15
288.15
288.15
288.15
288.15
288.15
288.15
288.15
288.15
288.15
288.15
288.15
288.15
288.15
288.15
288.15
288.15
288.15
288.15
288.15
288.15
288.15
288.15
288.15
288.15
288.15
288.15
288.15
288.15
288.15
288.15
288.151
288.151
288.152
288.152
288.153
288.154
288.155
288.156
288.157
288.158
288.159
288.16
288.16
288.161
288.161
288.161
288.161
288.161
288.161
288.161
288.16
288.159
288.159
288.158
288.157
288.156
288.155
288.155
288.154
288.153
288.154
288.167
288.323
289.816
300.085
317.882
357.078
357.191
352.19
344.046
339.145
336.68
335.503
334.882
334.477
334.17
333.972
288.15
288.15
288.15
288.15
288.15
288.15
288.15
288.15
288.15
288.15
288.15
288.15
288.15
288.15
288.15
288.15
288.15
288.15
288.15
288.15
288.15
288.15
288.15
288.15
288.15
288.15
288.15
288.15
288.15
288.15
288.15
288.15
288.15
288.15
288.15
288.15
288.15
288.151
288.152
288.152
288.154
288.155
288.156
288.158
288.159
288.161
288.162
288.163
288.164
288.165
288.166
288.166
288.167
288.167
288.166
288.166
288.165
288.164
288.164
288.163
288.161
288.16
288.159
288.158
288.157
288.155
288.154
288.154
288.166
288.3
289.578
298.278
316.111
355.534
355.04
355.842
351.184
344.025
339.479
337.04
335.78
335.066
334.572
334.183
333.913
288.15
288.15
288.15
288.15
288.15
288.15
288.15
288.15
288.15
288.15
288.15
288.15
288.15
288.15
288.15
288.15
288.15
288.15
288.15
288.15
288.15
288.15
288.15
288.15
288.15
288.15
288.15
288.15
288.15
288.15
288.15
288.15
288.15
288.15
288.15
288.15
288.151
288.151
288.153
288.154
288.156
288.158
288.16
288.162
288.164
288.166
288.168
288.17
288.171
288.172
288.173
288.174
288.174
288.174
288.173
288.173
288.172
288.171
288.169
288.168
288.166
288.164
288.163
288.161
288.159
288.158
288.156
288.156
288.165
288.281
289.393
296.917
314.563
356.098
353.589
352.725
354.666
349.81
343.986
339.802
337.423
336.086
335.263
334.667
334.183
333.832
288.15
288.15
288.15
288.15
288.15
288.15
288.15
288.15
288.15
288.15
288.15
288.15
288.15
288.15
288.15
288.15
288.15
288.15
288.15
288.15
288.15
288.15
288.15
288.15
288.15
288.15
288.15
288.15
288.15
288.15
288.15
288.15
288.15
288.15
288.15
288.15
288.151
288.152
288.154
288.157
288.159
288.162
288.166
288.169
288.172
288.175
288.177
288.179
288.181
288.183
288.184
288.184
288.184
288.184
288.183
288.182
288.181
288.179
288.177
288.175
288.173
288.17
288.168
288.166
288.163
288.161
288.159
288.157
288.165
288.264
289.217
295.572
312.614
354.142
351.019
350.579
354.003
349.056
343.92
340.125
337.798
336.378
335.439
334.73
334.143
333.702
288.15
288.15
288.15
288.15
288.15
288.15
288.15
288.15
288.15
288.15
288.15
288.15
288.15
288.15
288.15
288.15
288.15
288.15
288.15
288.15
288.15
288.15
288.15
288.15
288.15
288.15
288.15
288.15
288.15
288.15
288.15
288.15
288.15
288.15
288.15
288.151
288.152
288.154
288.157
288.161
288.165
288.169
288.174
288.178
288.183
288.187
288.19
288.193
288.195
288.197
288.198
288.199
288.198
288.198
288.197
288.195
288.193
288.19
288.188
288.185
288.182
288.179
288.175
288.172
288.169
288.165
288.162
288.16
288.165
288.249
289.04
294.207
307.72
325.117
352.56
348.55
347.779
354.179
353.122
348.172
343.729
340.329
338.075
336.587
335.536
334.713
334.021
333.484
288.15
288.15
288.15
288.15
288.15
288.15
288.15
288.15
288.15
288.15
288.15
288.15
288.15
288.15
288.15
288.15
288.15
288.15
288.15
288.15
288.15
288.15
288.15
288.15
288.15
288.15
288.15
288.15
288.15
288.15
288.15
288.15
288.15
288.15
288.15
288.151
288.153
288.156
288.161
288.167
288.173
288.18
288.186
288.193
288.199
288.204
288.208
288.212
288.215
288.217
288.218
288.218
288.218
288.217
288.215
288.212
288.209
288.206
288.202
288.198
288.194
288.19
288.185
288.181
288.176
288.172
288.168
288.164
288.167
288.234
288.87
292.959
303.423
319.602
354.418
349.887
345.841
344.108
350.623
355.234
351.082
346.889
343.226
340.264
338.132
336.61
335.468
334.544
333.752
333.124
288.15
288.15
288.15
288.15
288.15
288.15
288.15
288.15
288.15
288.15
288.15
288.15
288.15
288.15
288.15
288.15
288.15
288.15
288.15
288.15
288.15
288.15
288.15
288.15
288.15
288.15
288.15
288.15
288.15
288.15
288.15
288.15
288.15
288.15
288.151
288.152
288.155
288.16
288.168
288.176
288.186
288.196
288.205
288.213
288.221
288.228
288.234
288.239
288.242
288.245
288.246
288.246
288.245
288.243
288.24
288.236
288.232
288.227
288.222
288.216
288.21
288.205
288.198
288.192
288.186
288.18
288.175
288.17
288.17
288.222
288.722
291.908
300.241
313.577
331.838
350.618
345.958
342.838
341.009
347.772
352.438
347.974
345.068
342.223
339.75
337.808
336.313
335.125
334.128
333.258
332.551
288.15
288.15
288.15
288.15
288.15
288.15
288.15
288.15
288.15
288.15
288.15
288.15
288.15
288.15
288.15
288.15
288.15
288.15
288.15
288.15
288.15
288.15
288.15
288.15
288.15
288.15
288.15
288.15
288.15
288.15
288.15
288.15
288.15
288.15
288.151
288.154
288.159
288.167
288.178
288.191
288.205
288.219
288.232
288.243
288.254
288.263
288.27
288.276
288.28
288.282
288.283
288.282
288.28
288.277
288.273
288.268
288.262
288.255
288.248
288.24
288.233
288.225
288.216
288.208
288.2
288.192
288.184
288.177
288.175
288.213
288.599
291.049
297.698
308.22
326.745
351.64
345.299
341.765
339.291
337.533
342.487
351.771
353.854
348.607
344.805
342.634
340.549
338.603
336.934
335.545
334.374
333.353
332.441
331.682
288.15
288.15
288.15
288.15
288.15
288.15
288.15
288.15
288.15
288.15
288.15
288.15
288.15
288.15
288.15
288.15
288.15
288.15
288.15
288.15
288.15
288.15
288.15
288.15
288.15
288.15
288.15
288.15
288.15
288.15
288.15
288.15
288.15
288.151
288.152
288.156
288.164
288.177
288.194
288.213
288.233
288.253
288.27
288.286
288.299
288.311
288.32
288.327
288.331
288.333
288.333
288.331
288.328
288.323
288.317
288.31
288.301
288.292
288.282
288.272
288.262
288.251
288.24
288.229
288.219
288.208
288.198
288.188
288.182
288.209
288.499
290.353
295.604
304.153
318.674
329.664
342.681
346.004
342.285
338.058
336.467
334.928
333.454
335.513
343.461
349.458
352.177
351.467
347.815
343.297
340.93
339.49
338.094
336.69
335.366
334.17
333.093
332.111
331.207
330.436
288.15
288.15
288.15
288.15
288.15
288.15
288.15
288.15
288.15
288.15
288.15
288.15
288.15
288.15
288.15
288.15
288.15
288.15
288.15
288.15
288.15
288.15
288.15
288.15
288.15
288.15
288.15
288.15
288.15
288.15
288.15
288.15
288.15
288.151
288.153
288.16
288.173
288.192
288.218
288.246
288.275
288.301
288.325
288.345
288.363
288.377
288.388
288.395
288.4
288.401
288.4
288.397
288.391
288.384
288.375
288.364
288.353
288.341
288.328
288.314
288.3
288.286
288.272
288.258
288.244
288.23
288.216
288.203
288.194
288.209
288.422
289.795
293.862
300.721
310.595
318.946
326.985
330.784
331.237
330.576
330.269
329.742
328.892
329.892
334.414
339.548
342.739
342.652
340.496
338.185
336.608
335.706
334.881
333.984
333.043
332.106
331.197
330.32
329.477
328.751
288.15
288.15
288.15
288.15
288.15
288.15
288.15
288.15
288.15
288.15
288.15
288.15
288.15
288.15
288.15
288.15
288.15
288.15
288.15
288.15
288.15
288.15
288.15
288.15
288.15
288.15
288.15
288.15
288.15
288.15
288.15
288.15
288.15
288.151
288.156
288.166
288.186
288.216
288.254
288.294
288.334
288.37
288.401
288.428
288.449
288.467
288.479
288.487
288.491
288.491
288.488
288.482
288.473
288.462
288.45
288.435
288.42
288.403
288.386
288.368
288.35
288.331
288.313
288.295
288.276
288.258
288.241
288.224
288.21
288.215
288.366
289.357
292.433
297.841
305.056
311.779
317.318
320.516
322.075
322.899
323.666
324.039
323.893
324.654
327.728
331.799
334.57
335.214
334.25
332.952
331.992
331.452
331.059
330.586
330.012
329.365
328.671
327.952
327.225
326.601
288.15
288.15
288.15
288.15
288.15
288.15
288.15
288.15
288.15
288.15
288.15
288.15
288.15
288.15
288.15
288.15
288.15
288.15
288.15
288.15
288.15
288.15
288.15
288.15
288.15
288.15
288.15
288.15
288.15
288.15
288.15
288.15
288.15
288.152
288.159
288.176
288.208
288.253
288.308
288.365
288.419
288.467
288.507
288.54
288.567
288.587
288.6
288.608
288.61
288.608
288.602
288.592
288.579
288.563
288.546
288.526
288.505
288.484
288.461
288.437
288.414
288.39
288.366
288.343
288.319
288.296
288.274
288.252
288.233
288.228
288.328
289.024
291.286
295.465
300.877
306.267
310.541
313.201
314.858
316.153
317.411
318.353
318.796
319.677
321.966
325.126
327.474
328.386
328.26
327.708
327.237
326.979
326.861
326.697
326.43
326.056
325.589
325.054
324.5
324.016
288.15
288.15
288.15
288.15
288.15
288.15
288.15
288.15
288.15
288.15
288.15
288.15
288.15
288.15
288.15
288.15
288.15
288.15
288.15
288.15
288.15
288.15
288.15
288.15
288.15
288.15
288.15
288.15
288.15
288.15
288.15
288.15
288.151
288.154
288.164
288.191
288.24
288.308
288.386
288.466
288.539
288.601
288.651
288.692
288.724
288.746
288.76
288.766
288.766
288.759
288.748
288.733
288.714
288.692
288.668
288.642
288.614
288.585
288.556
288.526
288.495
288.465
288.435
288.405
288.375
288.346
288.317
288.289
288.264
288.25
288.31
288.781
290.392
293.538
297.629
301.907
305.377
307.692
309.289
310.641
311.983
313.155
313.988
315.019
316.877
319.348
321.329
322.302
322.651
322.606
322.505
322.478
322.519
322.561
322.517
322.364
322.101
321.776
321.407
321.081
288.15
288.15
288.15
288.15
288.15
288.15
288.15
288.15
288.15
288.15
288.15
288.15
288.15
288.15
288.15
288.15
288.15
288.15
288.15
288.15
288.15
288.15
288.15
288.15
288.15
288.15
288.15
288.15
288.15
288.15
288.15
288.15
288.151
288.156
288.173
288.215
288.29
288.389
288.5
288.608
288.704
288.782
288.845
288.894
288.93
288.954
288.967
288.969
288.964
288.952
288.934
288.911
288.884
288.854
288.821
288.787
288.751
288.713
288.675
288.637
288.598
288.56
288.521
288.484
288.446
288.41
288.374
288.339
288.307
288.283
288.311
288.615
289.718
292.008
295.076
298.426
301.279
303.336
304.858
306.169
307.455
308.658
309.671
310.783
312.372
314.348
316.026
317.009
317.526
317.797
317.953
318.101
318.261
318.413
318.508
318.517
318.439
318.294
318.096
317.922
288.15
288.15
288.15
288.15
288.15
288.15
288.15
288.15
288.15
288.15
288.15
288.15
288.15
288.15
288.15
288.15
288.15
288.15
288.15
288.15
288.15
288.15
288.15
288.15
288.15
288.15
288.15
288.15
288.15
288.15
288.15
288.15
288.152
288.159
288.186
288.252
288.364
288.508
288.662
288.806
288.929
289.026
289.102
289.159
289.199
289.222
289.231
289.228
289.216
289.195
289.167
289.134
289.097
289.056
289.012
288.967
288.92
288.872
288.824
288.775
288.727
288.678
288.631
288.583
288.537
288.492
288.448
288.405
288.364
288.33
288.332
288.515
289.234
290.832
293.083
295.658
297.986
299.806
301.243
302.497
303.703
304.86
305.916
307.032
308.423
310.041
311.47
312.425
312.993
313.395
313.71
313.975
314.22
314.443
314.625
314.744
314.795
314.788
314.73
314.684
288.15
288.15
288.15
288.15
288.15
288.15
288.15
288.15
288.15
288.15
288.15
288.15
288.15
288.15
288.15
288.15
288.15
288.15
288.15
288.15
288.15
288.15
288.15
288.15
288.15
288.15
288.15
288.15
288.15
288.15
288.15
288.15
288.153
288.164
288.206
288.307
288.474
288.679
288.888
289.076
289.23
289.347
289.438
289.502
289.543
289.563
289.566
289.554
289.53
289.497
289.456
289.409
289.358
289.304
289.247
289.188
289.128
289.068
289.007
288.946
288.885
288.825
288.766
288.708
288.652
288.596
288.542
288.49
288.441
288.397
288.378
288.473
288.913
289.97
291.564
293.493
295.358
296.936
298.263
299.449
300.58
301.669
302.704
303.775
305.003
306.355
307.579
308.478
309.075
309.505
309.863
310.19
310.49
310.763
311
311.188
311.322
311.411
311.455
311.506
288.15
288.15
288.15
288.15
288.15
288.15
288.15
288.15
288.15
288.15
288.15
288.15
288.15
288.15
288.15
288.15
288.15
288.15
288.15
288.15
288.15
288.15
288.15
288.15
288.15
288.15
288.15
288.15
288.15
288.15
288.15
288.151
288.154
288.171
288.236
288.391
288.635
288.921
289.2
289.44
289.629
289.767
289.871
289.941
289.98
289.992
289.984
289.957
289.918
289.868
289.81
289.746
289.677
289.606
289.532
289.457
289.382
289.305
289.23
289.154
289.08
289.006
288.934
288.863
288.794
288.727
288.663
288.601
288.542
288.488
288.452
288.486
288.732
289.385
290.457
291.853
293.307
294.634
295.824
296.924
297.976
298.994
299.976
300.98
302.07
303.22
304.276
305.104
305.702
306.151
306.522
306.859
307.17
307.455
307.715
307.941
308.125
308.274
308.388
308.505
288.15
288.15
288.15
288.15
288.15
288.15
288.15
288.15
288.15
288.15
288.15
288.15
288.15
288.15
288.15
288.15
288.15
288.15
288.15
288.15
288.15
288.15
288.15
288.15
288.15
288.15
288.15
288.15
288.15
288.15
288.15
288.151
288.156
288.182
288.282
288.515
288.867
289.259
289.622
289.922
290.148
290.307
290.424
290.494
290.526
290.525
290.498
290.452
290.391
290.318
290.238
290.152
290.062
289.969
289.875
289.781
289.686
289.592
289.498
289.406
289.315
289.226
289.139
289.053
288.971
288.891
288.814
288.742
288.673
288.611
288.563
288.557
288.676
289.044
289.718
290.68
291.771
292.849
293.877
294.866
295.827
296.766
297.682
298.609
299.578
300.571
301.489
302.243
302.822
303.272
303.647
303.98
304.285
304.566
304.822
305.058
305.267
305.45
305.606
305.763
288.15
288.15
288.15
288.15
288.15
288.15
288.15
288.15
288.15
288.15
288.15
288.15
288.15
288.15
288.15
288.15
288.15
288.15
288.15
288.15
288.15
288.15
288.15
288.15
288.15
288.15
288.15
288.15
288.15
288.15
288.15
288.151
288.158
288.197
288.349
288.695
289.194
289.722
290.186
290.552
290.814
290.997
291.12
291.184
291.2
291.177
291.125
291.051
290.96
290.858
290.749
290.636
290.519
290.401
290.282
290.165
290.048
289.932
289.819
289.707
289.597
289.49
289.386
289.285
289.187
289.093
289.004
288.92
288.843
288.775
288.72
288.695
288.743
288.93
289.317
289.936
290.714
291.548
292.397
293.251
294.104
294.95
295.786
296.628
297.491
298.355
299.158
299.838
300.386
300.826
301.197
301.522
301.818
302.088
302.336
302.563
302.776
302.974
303.153
303.33
288.15
288.15
288.15
288.15
288.15
288.15
288.15
288.15
288.15
288.15
288.15
288.15
288.15
288.15
288.15
288.15
288.15
288.15
288.15
288.15
288.15
288.15
288.15
288.15
288.15
288.15
288.15
288.15
288.15
288.15
288.15
288.152
288.162
288.22
288.449
288.955
289.652
290.348
290.927
291.361
291.658
291.864
291.985
292.033
292.022
291.966
291.877
291.765
291.636
291.497
291.353
291.205
291.056
290.907
290.76
290.616
290.473
290.334
290.197
290.063
289.933
289.806
289.682
289.563
289.448
289.339
289.237
289.143
289.059
288.989
288.937
288.918
288.955
289.059
289.263
289.618
290.125
290.724
291.382
292.079
292.801
293.536
294.275
295.024
295.783
296.535
297.238
297.849
298.358
298.78
299.139
299.454
299.739
299.999
300.237
300.456
300.661
300.857
301.046
301.228
288.15
288.15
288.15
288.15
288.15
288.15
288.15
288.15
288.15
288.15
288.15
288.15
288.15
288.15
288.15
288.15
288.15
288.15
288.15
288.15
288.15
288.15
288.15
288.15
288.15
288.15
288.15
288.15
288.15
288.15
288.15
288.152
288.167
288.252
288.592
289.324
290.28
291.179
291.886
292.389
292.717
292.937
293.046
293.063
293.011
292.907
292.768
292.605
292.427
292.242
292.054
291.865
291.679
291.495
291.315
291.139
290.968
290.801
290.638
290.48
290.326
290.177
290.033
289.894
289.762
289.637
289.522
289.418
289.331
289.265
289.231
289.262
289.385
289.52
289.635
289.79
290.047
290.411
290.86
291.374
291.939
292.539
293.16
293.8
294.451
295.097
295.706
296.248
296.712
297.108
297.45
297.752
298.026
298.275
298.505
298.717
298.916
299.105
299.288
299.469
288.15
288.15
288.15
288.15
288.15
288.15
288.15
288.15
288.15
288.15
288.15
288.15
288.15
288.15
288.15
288.15
288.15
288.15
288.15
288.15
288.15
288.15
288.15
288.15
288.15
288.15
288.15
288.15
288.15
288.15
288.15
288.153
288.174
288.297
288.798
289.839
291.129
292.268
293.11
293.677
294.033
294.254
294.33
294.296
294.182
294.012
293.806
293.579
293.341
293.099
292.859
292.622
292.392
292.167
291.95
291.74
291.536
291.339
291.148
290.963
290.784
290.612
290.445
290.286
290.135
289.994
289.866
289.756
289.669
289.619
289.63
289.8
290.217
290.546
290.632
290.603
290.591
290.689
290.893
291.189
291.561
291.992
292.467
292.976
293.506
294.04
294.554
295.023
295.437
295.799
296.118
296.403
296.663
296.901
297.122
297.327
297.521
297.705
297.884
298.059
288.15
288.15
288.15
288.15
288.15
288.15
288.15
288.15
288.15
288.15
288.15
288.15
288.15
288.15
288.15
288.15
288.15
288.15
288.15
288.15
288.15
288.15
288.15
288.15
288.15
288.15
288.15
288.15
288.15
288.15
288.151
288.155
288.184
288.358
289.086
290.547
292.261
293.675
294.654
295.277
295.666
295.853
295.866
295.751
295.548
295.288
294.996
294.689
294.378
294.069
293.768
293.477
293.197
292.927
292.669
292.42
292.182
291.952
291.731
291.517
291.312
291.114
290.924
290.743
290.573
290.416
290.277
290.163
290.084
290.065
290.17
290.62
291.529
292.371
292.495
292.263
291.915
291.676
291.573
291.595
291.726
291.946
292.237
292.585
292.972
293.382
293.79
294.178
294.531
294.85
295.139
295.401
295.643
295.867
296.077
296.274
296.461
296.64
296.814
296.983
288.15
288.15
288.15
288.15
288.15
288.15
288.15
288.15
288.15
288.15
288.15
288.15
288.15
288.15
288.15
288.15
288.15
288.15
288.15
288.15
288.15
288.15
288.15
288.15
288.15
288.15
288.15
288.15
288.15
288.15
288.151
288.156
288.196
288.442
289.485
291.504
293.748
295.471
296.582
297.25
297.645
297.763
297.672
297.438
297.113
296.737
296.338
295.934
295.536
295.15
294.781
294.429
294.093
293.775
293.472
293.183
292.907
292.643
292.389
292.146
291.912
291.688
291.474
291.271
291.082
290.91
290.763
290.649
290.587
290.623
290.897
291.711
293.343
294.907
295.385
294.926
294.149
293.48
292.987
292.663
292.491
292.449
292.513
292.663
292.88
293.143
293.431
293.722
294.004
294.269
294.516
294.748
294.965
295.17
295.365
295.55
295.728
295.899
296.066
296.227
288.15
288.15
288.15
288.15
288.15
288.15
288.15
288.15
288.15
288.15
288.15
288.15
288.15
288.15
288.15
288.15
288.15
288.15
288.15
288.15
288.15
288.15
288.15
288.15
288.15
288.15
288.15
288.15
288.15
288.15
288.151
288.158
288.212
288.553
290.03
292.781
295.681
297.743
298.973
299.673
300.016
300.007
299.755
299.354
298.87
298.349
297.821
297.304
296.807
296.336
295.891
295.472
295.079
294.708
294.358
294.026
293.712
293.412
293.126
292.852
292.589
292.339
292.101
291.876
291.669
291.483
291.329
291.221
291.187
291.317
291.778
293.089
295.686
298.205
299.235
298.595
297.327
296.142
295.176
294.433
293.895
293.535
293.326
293.24
293.255
293.347
293.493
293.672
293.865
294.062
294.258
294.448
294.633
294.812
294.985
295.153
295.316
295.475
295.631
295.78
288.15
288.15
288.15
288.15
288.15
288.15
288.15
288.15
288.15
288.15
288.15
288.15
288.15
288.15
288.15
288.15
288.15
288.15
288.15
288.15
288.15
288.15
288.15
288.15
288.15
288.15
288.15
288.15
288.15
288.15
288.151
288.16
288.232
288.699
290.763
294.458
298.172
300.601
301.927
302.649
302.824
302.592
302.106
301.482
300.797
300.103
299.426
298.781
298.177
297.613
297.088
296.6
296.146
295.721
295.323
294.949
294.595
294.259
293.94
293.635
293.344
293.068
292.806
292.56
292.336
292.139
291.982
291.884
291.891
292.142
292.815
294.748
298.543
302.292
304.006
303.267
301.441
299.655
298.135
296.903
295.94
295.213
294.686
294.328
294.11
294.005
293.988
294.034
294.122
294.237
294.366
294.504
294.647
294.791
294.935
295.078
295.221
295.361
295.501
295.636
288.15
288.15
288.15
288.15
288.15
288.15
288.15
288.15
288.15
288.15
288.15
288.15
288.15
288.15
288.15
288.15
288.15
288.15
288.15
288.15
288.15
288.15
288.15
288.15
288.15
288.15
288.15
288.15
288.15
288.15
288.151
288.163
288.258
288.888
291.735
296.637
301.363
304.192
305.572
306.184
306.061
305.493
304.687
303.781
302.859
301.966
301.124
300.344
299.625
298.965
298.359
297.801
297.285
296.807
296.362
295.944
295.552
295.181
294.829
294.495
294.177
293.875
293.591
293.326
293.086
292.879
292.723
292.642
292.705
293.074
293.986
296.652
301.884
307.29
309.983
309.17
306.577
304.021
301.836
300.039
298.597
297.457
296.576
295.914
295.435
295.11
294.91
294.806
294.773
294.79
294.84
294.914
295.003
295.103
295.209
295.321
295.435
295.551
295.668
295.783
288.15
288.15
288.15
288.15
288.15
288.15
288.15
288.15
288.15
288.15
288.15
288.15
288.15
288.15
288.15
288.15
288.15
288.15
288.15
288.15
288.15
288.15
288.15
288.15
288.15
288.15
288.15
288.15
288.15
288.15
288.152
288.167
288.29
289.129
293.009
299.446
305.452
308.716
310.073
310.306
309.688
308.646
307.432
306.193
305.002
303.894
302.881
301.96
301.127
300.372
299.686
299.059
298.485
297.955
297.464
297.007
296.577
296.173
295.791
295.428
295.084
294.759
294.454
294.171
293.918
293.705
293.552
293.493
293.635
294.103
295.257
298.739
305.717
313.587
317.837
316.945
312.97
309.272
306.233
303.781
301.803
300.212
298.947
297.956
297.197
296.635
296.236
295.968
295.8
295.706
295.666
295.664
295.69
295.736
295.796
295.868
295.947
296.032
296.12
296.211
288.15
288.15
288.15
288.15
288.15
288.15
288.15
288.15
288.15
288.15
288.15
288.15
288.15
288.15
288.15
288.15
288.15
288.15
288.15
288.15
288.15
288.15
288.15
288.15
288.15
288.15
288.15
288.15
288.15
288.15
288.152
288.171
288.329
289.434
294.666
303.059
310.722
314.455
315.496
314.966
313.604
311.946
310.249
308.639
307.165
305.838
304.654
303.598
302.655
301.81
301.049
300.36
299.731
299.154
298.621
298.125
297.662
297.227
296.817
296.429
296.061
295.715
295.391
295.092
294.828
294.61
294.463
294.428
294.635
295.194
296.574
300.939
310.121
322.622
329.937
329.201
320.885
315.343
311.214
308.013
305.453
303.382
301.714
300.381
299.333
298.525
297.92
297.479
297.167
296.954
296.814
296.728
296.682
296.667
296.675
296.7
296.737
296.786
296.839
296.901
288.15
288.15
288.15
288.15
288.15
288.15
288.15
288.15
288.15
288.15
288.15
288.15
288.15
288.15
288.15
288.15
288.15
288.15
288.15
288.15
288.15
288.15
288.15
288.15
288.15
288.15
288.15
288.15
288.15
288.15
288.153
288.176
288.377
289.817
296.824
307.755
317.593
321.804
321.753
320.017
317.651
315.255
313.027
311.033
309.278
307.743
306.4
305.221
304.18
303.255
302.428
301.683
301.006
300.386
299.816
299.288
298.795
298.332
297.897
297.486
297.099
296.734
296.393
296.081
295.808
295.586
295.445
295.434
295.686
296.31
297.874
303.183
315.595
332.698
343.743
330.421
321.859
316.505
312.532
309.377
306.823
304.752
303.082
301.749
300.701
299.892
299.279
298.821
298.485
298.241
298.068
297.946
297.865
297.814
297.788
297.779
297.786
297.801
297.83
288.15
288.15
288.15
288.15
288.15
288.15
288.15
288.15
288.15
288.15
288.15
288.15
288.15
288.15
288.15
288.15
288.15
288.15
288.15
288.15
288.15
288.15
288.15
288.15
288.15
288.15
288.15
288.15
288.15
288.15
288.153
288.182
288.435
290.296
299.658
314.075
326.714
331.288
328.793
325.26
321.632
318.421
315.651
313.289
311.278
309.558
308.079
306.796
305.673
304.682
303.8
303.008
302.291
301.637
301.035
300.479
299.96
299.475
299.019
298.589
298.184
297.803
297.448
297.125
296.843
296.618
296.482
296.49
296.764
297.415
299.097
305.424
321.126
337.835
327.824
321.687
317.048
313.345
310.339
307.898
305.921
304.328
303.06
302.062
301.288
300.693
300.239
299.894
299.632
299.434
299.286
299.175
299.096
299.039
299.003
298.976
298.971
288.15
288.15
288.15
288.15
288.15
288.15
288.15
288.15
288.15
288.15
288.15
288.15
288.15
288.15
288.15
288.15
288.15
288.15
288.15
288.15
288.15
288.15
288.15
288.15
288.15
288.15
288.15
288.15
288.15
288.15
288.154
288.188
288.501
290.88
303.433
324.369
340.122
344.544
337.76
330.438
325.322
321.289
318.016
315.332
313.107
311.24
309.655
308.292
307.107
306.066
305.142
304.314
303.566
302.884
302.258
301.679
301.141
300.637
300.163
299.718
299.298
298.904
298.538
298.205
297.916
297.687
297.551
297.574
297.84
298.481
300.244
307.804
323.792
347
334.335
326.66
321.29
317.088
313.707
310.964
308.738
306.934
305.484
304.328
303.416
302.701
302.142
301.705
301.363
301.093
300.881
300.713
300.582
300.477
300.397
300.328
300.288
288.15
288.15
288.15
288.15
288.15
288.15
288.15
288.15
288.15
288.15
288.15
288.15
288.15
288.15
288.15
288.15
288.15
288.15
288.15
288.15
288.15
288.15
288.15
288.15
288.15
288.15
288.15
288.15
288.15
288.15
288.154
288.194
288.565
291.521
308.998
336.772
344.728
334.837
328.481
323.74
320.046
317.109
314.726
312.756
311.099
309.683
308.457
307.383
306.431
305.578
304.809
304.107
303.463
302.868
302.314
301.796
301.309
300.851
300.42
300.016
299.64
299.298
299.001
298.765
298.623
298.639
298.874
299.475
301.315
310.952
329.386
339.711
330.855
324.87
320.321
316.701
313.768
311.38
309.434
307.857
306.587
305.573
304.764
304.122
303.609
303.199
302.867
302.599
302.379
302.199
302.048
301.926
301.816
301.74
288.15
288.15
288.15
288.15
288.15
288.15
288.15
288.15
288.15
288.15
288.15
288.15
288.15
288.15
288.15
288.15
288.15
288.15
288.15
288.15
288.15
288.15
288.15
288.15
288.15
288.15
288.15
288.15
288.15
288.15
288.154
288.197
288.606
292.025
314.299
348.35
338.396
331.091
325.737
321.708
318.593
316.112
314.084
312.39
310.948
309.702
308.611
307.643
306.777
305.994
305.28
304.624
304.017
303.453
302.924
302.428
301.962
301.522
301.109
300.726
300.375
300.068
299.821
299.665
299.649
299.825
300.345
302.234
314.837
343.178
333.875
327.525
322.851
319.161
316.169
313.721
311.715
310.077
308.747
307.673
306.806
306.107
305.54
305.079
304.698
304.383
304.118
303.895
303.702
303.54
303.391
303.28
288.15
288.15
288.15
288.15
288.15
288.15
288.15
288.15
288.15
288.15
288.15
288.15
288.15
288.15
288.15
288.15
288.15
288.15
288.15
288.15
288.15
288.15
288.15
288.15
288.15
288.15
288.15
288.15
288.15
288.15
288.154
288.197
288.608
292.136
314.235
352.957
342.779
333.299
327.303
323.004
319.781
317.258
315.215
313.515
312.07
310.821
309.726
308.755
307.884
307.095
306.375
305.712
305.099
304.527
303.993
303.49
303.017
302.571
302.153
301.762
301.403
301.085
300.822
300.641
300.576
300.667
301.065
302.943
315.994
345.66
335.758
329.238
324.624
321.013
318.084
315.679
313.698
312.07
310.737
309.649
308.761
308.035
307.438
306.942
306.526
306.174
305.872
305.612
305.382
305.182
304.996
304.85
288.15
288.15
288.15
288.15
288.15
288.15
288.15
288.15
288.15
288.15
288.15
288.15
288.15
288.15
288.15
288.15
288.15
288.15
288.15
288.15
288.15
288.15
288.15
288.15
288.15
288.15
288.15
288.15
288.15
288.15
288.154
288.194
288.582
291.971
314.107
346.166
335.058
328.451
323.953
320.687
318.171
316.146
314.464
313.034
311.796
310.708
309.741
308.871
308.082
307.361
306.696
306.079
305.504
304.966
304.46
303.983
303.533
303.109
302.712
302.345
302.015
301.733
301.521
301.397
301.393
301.648
303.362
316.719
347.379
336.842
330.138
325.689
322.262
319.494
317.221
315.343
313.79
312.507
311.45
310.575
309.849
309.241
308.727
308.287
307.908
307.574
307.281
307.016
306.781
306.559
306.379
288.15
288.15
288.15
288.15
288.15
288.15
288.15
288.15
288.15
288.15
288.15
288.15
288.15
288.15
288.15
288.15
288.15
288.15
288.15
288.15
288.15
288.15
288.15
288.15
288.15
288.15
288.15
288.15
288.15
288.15
288.154
288.189
288.541
291.659
313.228
347.475
336.221
329.191
324.591
321.341
318.866
316.881
315.232
313.827
312.608
311.534
310.576
309.712
308.926
308.206
307.542
306.924
306.348
305.808
305.3
304.821
304.368
303.94
303.538
303.164
302.821
302.519
302.274
302.093
302
302.119
303.596
316.674
348.906
337.9
330.546
326.203
322.986
320.437
318.362
316.646
315.217
314.026
313.031
312.195
311.487
310.883
310.362
309.905
309.503
309.143
308.819
308.522
308.253
307.998
307.783
288.15
288.15
288.15
288.15
288.15
288.15
288.15
288.15
288.15
288.15
288.15
288.15
288.15
288.15
288.15
288.15
288.15
288.15
288.15
288.15
288.15
288.15
288.15
288.15
288.15
288.15
288.15
288.15
288.15
288.15
288.153
288.185
288.5
291.341
312.059
348.1
336.786
329.604
324.98
321.782
319.363
317.426
315.814
314.438
313.24
312.181
311.233
310.377
309.596
308.879
308.216
307.6
307.024
306.483
305.974
305.494
305.039
304.609
304.203
303.821
303.468
303.148
302.873
302.645
302.48
302.489
303.75
316.356
352.101
340.159
331.017
326.45
323.344
321.002
319.152
317.624
316.343
315.262
314.343
313.555
312.874
312.279
311.754
311.285
310.863
310.479
310.127
309.801
309.5
309.215
308.967
288.15
288.15
288.15
288.15
288.15
288.15
288.15
288.15
288.15
288.15
288.15
288.15
288.15
288.15
288.15
288.15
288.15
288.15
288.15
288.15
288.15
288.15
288.15
288.15
288.15
288.15
288.15
288.15
288.15
288.15
288.153
288.182
288.465
291.061
310.844
348.239
336.939
329.81
325.188
322.049
319.684
317.788
316.208
314.856
313.675
312.629
311.69
310.84
310.064
309.35
308.689
308.073
307.498
306.958
306.449
305.967
305.512
305.08
304.671
304.284
303.923
303.59
303.293
303.032
302.818
302.75
303.855
316.192
342.059
331.336
326.629
323.537
321.304
319.651
318.294
317.147
316.164
315.313
314.568
313.91
313.322
312.794
312.314
311.874
311.469
311.095
310.744
310.418
310.109
309.835
288.15
288.15
288.15
288.15
288.15
288.15
288.15
288.15
288.15
288.15
288.15
288.15
288.15
288.15
288.15
288.15
288.15
288.15
288.15
288.15
288.15
288.15
288.15
288.15
288.15
288.15
288.15
288.15
288.15
288.15
288.153
288.179
288.439
290.818
309.784
348.172
336.885
329.869
325.269
322.172
319.84
317.97
316.408
315.069
313.899
312.859
311.926
311.08
310.306
309.594
308.934
308.319
307.744
307.204
306.695
306.214
305.757
305.324
304.914
304.525
304.16
303.819
303.51
303.232
302.995
302.886
303.859
315.755
342.704
331.633
326.713
323.666
321.438
319.901
318.649
317.583
316.659
315.847
315.126
314.48
313.895
313.363
312.875
312.424
312.006
311.617
311.252
310.911
310.588
310.298
)
;

boundaryField
{
    topWall
    {
        type            symmetryPlane;
    }
    inlet
    {
        type            fixedValue;
        value           uniform 288.15;
    }
    outlet
    {
        type            zeroGradient;
    }
    bottomWall
    {
        type            symmetryPlane;
    }
    front
    {
        type            empty;
    }
    back
    {
        type            empty;
    }
    ribbon
    {
        type            fixedValue;
        value           uniform 357.75;
    }
}


// ************************************************************************* //
